"frame" "survey" "transect" "y" "file" "timestamp" "time" "altitude" "depth" "heading" "lat" "lon" "pitch" "roll" "surge" "brightness" "exposure" "gain" "gamma" "shutter" "white_bu" "white_rv" "alt"
"1" 1 1 1 3 "frame000140_0.jpg" 1321533069.41804 "2011111712:31:09.418" 2.21594 34.6769 317.336 6505.3748 2245.4632 -3.6969 -0.730591 1.274 0 0.624512 25.9161 1 0.0105028 90 80 2.2
"2" 2 1 1 3 "frame000143_0.jpg" 1321533071.07794 "2011111712:31:11.077" 2.131 34.7525 317.116 6505.3754 2245.4647 -1.00525 -1.97205 1.283 0 0.584961 25.9161 1 0.0105028 90 80 2.1
"3" 3 1 1 4 "frame000146_0.jpg" 1321533072.35797 "2011111712:31:12.357" 2.10761 34.7685 316.957 6505.3763 2245.4666 -1.62598 -0.994263 1.253 0 0.539185 25.9161 1 0.0105028 90 80 2.1
"4" 4 1 1 2 "frame000149_0.jpg" 1321533073.62795 "2011111712:31:13.627" 2.07438 34.7893 316.897 6505.3769 2245.468 -1.00525 -2.64221 1.276 0 0.486511 25.9161 1 0.0105028 90 80 2.1
"5" 5 1 1 4 "frame000152_0.jpg" 1321533074.89791 "2011111712:31:14.897" 1.95654 34.7806 316.27 6505.3776 2245.4695 -0.494385 -1.2854 1.273 0 0.453979 25.9161 1 0.0105028 90 80 2
"6" 6 1 1 1 "frame000155_0.jpg" 1321533076.17801 "2011111712:31:16.178" 1.9848 34.7553 316.584 6505.3782 2245.4709 -0.219727 -1.06018 1.289 0 0.497192 25.9161 1 0.0105028 90 80 2
"7" 7 1 1 2 "frame000158_0.jpg" 1321533077.858 "2011111712:31:17.857" 1.99925 34.6822 315.985 6505.379 2245.4728 -0.494385 -2.13135 1.296 0 0.375061 25.9161 1 0.0105028 90 80 2
"8" 8 1 1 2 "frame000161_0.jpg" 1321533079.16999 "2011111712:31:19.169" 2.02517 34.6347 315.847 6505.3797 2245.4744 -0.85144 -1.7688 1.296 0 0.437439 25.9161 1 0.0105028 90 80 2
"9" 9 1 1 3 "frame000164_0.jpg" 1321533080.4481 "2011111712:31:20.448" 2.13773 34.6112 316.023 6505.3803 2245.4758 -0.269165 -2.05994 1.297 0 0.464905 25.9161 1 0.0105028 90 80 2.1
"10" 10 1 1 4 "frame000167_0.jpg" 1321533082.09804 "2011111712:31:22.098" 2.17569 34.5808 315.99 6505.3811 2245.4778 -1.79626 -2.09839 1.274 0 0.544312 25.9161 1 0.0105028 90 80 2.2
"11" 11 1 1 2 "frame000170_0.jpg" 1321533083.37801 "2011111712:31:23.378" 2.16675 34.6007 316.012 6505.3818 2245.4793 -2.15881 -1.82922 1.302 0 0.599915 25.9161 1 0.0105028 90 80 2.2
"12" 12 1 1 1 "frame000173_0.jpg" 1321533084.65811 "2011111712:31:24.658" 2.15865 34.6192 316.084 6505.3824 2245.4808 -1.31287 -1.56006 1.269 0 0.619629 25.9161 1 0.0105028 90 80 2.2
"13" 13 1 1 2 "frame000176_0.jpg" 1321533086.33801 "2011111712:31:26.338" 2.03946 34.6141 316.16 6505.383 2245.4823 -2.35657 -1.50513 1.298 0 0.691162 25.9161 1 0.0105028 90 80 2
"14" 14 1 1 4 "frame000179_0.jpg" 1321533087.61802 "2011111712:31:27.618" 1.9565 34.6206 315.677 6505.3838 2245.4842 0.247192 -1.64246 1.288 0 0.624512 25.9161 1 0.0105028 90 80 2
"15" 15 1 1 5 "frame000182_0.jpg" 1321533088.89803 "2011111712:31:28.898" 1.98197 34.5499 316.084 6505.3845 2245.4857 0.697632 -1.88965 1.312 0 0.609802 25.9161 1 0.0105028 90 80 2
"16" 16 1 1 3 "frame000185_0.jpg" 1321533090.158 "2011111712:31:30.158" 1.96146 34.4997 316.045 6505.3851 2245.4872 -1.4447 -2.33459 1.28 0 0.599915 25.9161 1 0.0105028 90 80 2
"17" 17 1 1 10 "frame000188_0.jpg" 1321533091.47801 "2011111712:31:31.478" 1.95636 34.4891 315.792 6505.3858 2245.4888 0.357056 -1.73584 1.269 0 0.539185 25.9161 1 0.0105028 90 80 2
"18" 18 1 1 3 "frame000191_0.jpg" 1321533093.13804 "2011111712:31:33.138" 1.98425 34.4074 316.314 6505.3866 2245.4908 -0.280151 -2.18079 1.293 0 0.507812 25.9161 1 0.0105028 90 80 2
"19" 19 1 1 5 "frame000194_0.jpg" 1321533094.40803 "2011111712:31:34.408" 1.99754 34.3765 315.787 6505.3872 2245.4922 -0.615234 -1.52161 1.268 0 0.52356 25.9161 1 0.0105028 90 80 2
"20" 20 1 1 1 "frame000197_0.jpg" 1321533096.05825 "2011111712:31:36.058" 2.11168 34.3426 316.221 6505.3878 2245.4937 -0.115356 -2.09839 1.274 0 0.437439 25.9161 1 0.0105028 90 80 2.1
"21" 21 1 1 1 "frame000200_0.jpg" 1321533097.34803 "2011111712:31:37.348" 2.13316 34.2965 316.089 6505.3886 2245.4956 -2.13135 -2.77954 1.296 0 0.464905 25.9161 1 0.0105028 90 80 2.1
"22" 22 1 1 3 "frame000203_0.jpg" 1321533098.62804 "2011111712:31:38.628" 2.08803 34.2902 315.902 6505.3893 2245.4971 -1.54907 -1.21399 1.249 0 0.594971 25.9161 1 0.0105028 90 80 2.1
"23" 23 1 1 5 "frame000206_0.jpg" 1321533099.89811 "2011111712:31:39.898" 2.08479 34.2668 315.842 6505.3899 2245.4986 -1.2854 -1.89514 1.298 0 0.569885 25.9161 1 0.0105028 90 80 2.1
"24" 24 1 1 4 "frame000209_0.jpg" 1321533101.56803 "2011111712:31:41.568" 2.04486 34.2525 316.089 6505.3907 2245.5006 -1.08215 -3.11462 1.293 0 0.459473 25.9161 1 0.0105028 90 80 2
"25" 25 1 1 1 "frame000212_0.jpg" 1321533102.84793 "2011111712:31:42.847" 2.026 34.2307 315.897 6505.3913 2245.502 -0.670166 -1.21399 1.322 0 0.533997 25.9161 1 0.0105028 90 80 2
"26" 1 1 2 3 "frame000280_0.jpg" 1321533413.28798 "2011111712:36:53.287" 2.23533 29.6153 132.571 6505.491 2245.6497 -3.6145 -3.03223 1.284 0 0.594971 25.9161 1 0.0105028 90 78 2.2
"27" 2 1 2 2 "frame000285_0.jpg" 1321533415.40824 "2011111712:36:55.408" 2.19776 29.6916 132.648 6505.49 2245.6472 -1.98303 -1.62598 1.268 0 0.629395 25.9161 1 0.0105028 90 78 2.2
"28" 3 1 2 4 "frame000288_0.jpg" 1321533417.08799 "2011111712:36:57.087" 2.16332 29.7201 132.544 6505.4891 2245.6453 -2.46643 -2.70264 1.273 0 0.718811 25.9161 1 0.0105028 90 78 2.2
"29" 4 1 2 3 "frame000303_0.jpg" 1321533423.84809 "2011111712:37:03.848" 1.97803 29.6888 132.467 6505.4859 2245.6375 -2.07092 -3.48816 1.275 0 0.745972 25.9161 1 0.0105028 90 78 2
"30" 5 1 2 4 "frame000306_0.jpg" 1321533425.12 "2011111712:37:05.120" 1.95416 29.6982 132.489 6505.4852 2245.636 1.1261 -1.33484 1.268 0 0.714233 25.9161 1 0.0105028 90 78 2
"31" 6 1 2 3 "frame000324_0.jpg" 1321533433.5582 "2011111712:37:13.558" 1.97605 29.4675 132.769 6505.4811 2245.6264 0.774536 -1.42822 1.276 0 0.759338 25.9161 1 0.0105028 90 78 2
"32" 7 1 2 2 "frame000333_0.jpg" 1321533437.76801 "2011111712:37:17.768" 1.97967 29.3306 132.703 6505.4791 2245.6215 -0.598755 -2.4884 1.301 0 0.807373 25.9161 1 0.0105028 90 78 2
"33" 8 1 2 4 "frame000336_0.jpg" 1321533439.03812 "2011111712:37:19.038" 1.98219 29.2926 132.39 6505.4785 2245.62 -0.32959 -1.6864 1.298 0 0.781372 25.9161 1 0.0105028 90 78 2
"34" 9 1 2 5 "frame000348_0.jpg" 1321533444.51803 "2011111712:37:24.518" 1.98308 29.1037 132.939 6505.4758 2245.6135 -0.148315 -0.675659 1.29 0 0.781372 25.9161 1 0.0105028 90 78 2
"35" 10 1 2 4 "frame000363_0.jpg" 1321533451.74811 "2011111712:37:31.748" 2.01715 28.8766 132.791 6505.4722 2245.605 -0.340576 -1.15906 1.302 0 0.828674 25.9161 1 0.0105028 90 78 2
"36" 11 1 2 1 "frame000387_0.jpg" 1321533462.81805 "2011111712:37:42.818" 2.15106 28.5165 133.176 6505.4666 2245.5919 -1.15906 -1.57104 1.293 0 0.785767 25.9161 1 0.0105028 90 78 2.2
"37" 12 1 2 1 "frame000390_0.jpg" 1321533464.09814 "2011111712:37:44.098" 2.18592 28.4997 133 6505.466 2245.5904 -2.97729 -2.54883 1.298 0 0.754883 25.9161 1 0.0105028 90 78 2.2
"38" 13 1 2 2 "frame000393_0.jpg" 1321533465.35802 "2011111712:37:45.358" 2.17056 28.5265 132.566 6505.4653 2245.5889 -1.61499 -2.30713 1.337 0 0.781372 25.9161 1 0.0105028 90 78 2.2
"39" 14 1 2 5 "frame000402_0.jpg" 1321533469.54899 "2011111712:37:49.548" 2.15369 28.5514 133.022 6505.4633 2245.5838 -0.950317 -0.873413 1.318 0 0.681824 25.9161 1 0.0105028 90 78 2.2
"40" 15 1 2 0 "frame000414_0.jpg" 1321533475.07818 "2011111712:37:55.078" 2.22513 28.6146 132.781 6505.4605 2245.5773 -2.19727 -3.11462 1.287 0 0.741455 25.9161 1 0.0105028 90 78 2.2
"41" 16 1 2 1 "frame000628_0.jpg" 1321533574.58808 "2011111712:39:34.588" 2.21777 34.312 133.216 6505.4127 2245.4642 -1.73584 -0.994263 1.258 0 0.215942 25.9161 1 0.0105028 90 78 2.2
"42" 17 1 2 8 "frame000664_0.jpg" 1321533591.53818 "2011111712:39:51.538" 2.21698 34.5435 133.447 6505.4046 2245.4449 -2.64221 -2.45544 1.237 0 0.2854 25.9161 1 0.0105028 90 78 2.2
"43" 18 1 2 3 "frame000667_0.jpg" 1321533592.79812 "2011111712:39:52.798" 2.1861 34.5581 133.661 6505.404 2245.4435 -1.25244 -0.285645 1.238 0 0.2854 25.9161 1 0.0105028 90 78 2.2
"44" 19 1 2 5 "frame000670_0.jpg" 1321533594.06804 "2011111712:39:54.068" 2.24157 34.5503 134.167 6505.4034 2245.4421 -3.38379 -2.32361 1.24 0 0.297668 25.9161 1 0.0105028 90 78 2.2
"45" 20 1 2 0 "frame000705_0.jpg" 1321533610.22833 "2011111712:40:10.228" 2.238 34.8807 133.667 6505.3957 2245.4239 -1.34033 -0.769043 1.27 0 0.2854 25.9161 1 0.0105028 90 78 2.2
"46" 21 1 2 3 "frame000713_0.jpg" 1321533613.97833 "2011111712:40:13.978" 2.1122 34.9363 133.914 6505.394 2245.4196 -1.18652 -1.25244 1.257 0 0.507812 25.9161 1 0.0105028 90 78 2.1
"47" 22 1 2 5 "frame000716_0.jpg" 1321533615.25806 "2011111712:40:15.258" 2.08469 34.9276 134.079 6505.3933 2245.4182 -1.75232 -2.27966 1.278 0 0.518372 25.9161 1 0.0105028 90 78 2.1
"48" 23 1 2 1 "frame000725_0.jpg" 1321533619.68825 "2011111712:40:19.688" 2.15033 34.9125 133.629 6505.3912 2245.4131 -0.571289 -2.10938 1.269 0 0.497192 25.9161 1 0.0105028 90 78 2.2
"49" 24 1 2 10 "frame000788_0.jpg" 1321533648.93843 "2011111712:40:48.938" 1.89921 34.3521 133.931 6505.3771 2245.3797 0.966797 -2.3291 1.287 0 0.599915 25.9161 1 0.0105028 90 78 1.9
"50" 25 1 2 6 "frame000760_0.jpg" 1321533636.19819 "2011111712:40:36.198" 1.91786 34.7135 133.552 6505.3835 2245.3948 1.18652 -2.71362 1.289 0 0.48114 25.9161 1 0.0105028 90 78 1.9
"51" 1 1 3 3 "frame000827_0.jpg" 1321533731.738 "2011111712:42:11.738" 2.04259 34.6327 317.254 6505.4131 2245.3738 3.41675 0.252686 1.305 0 0.415039 25.9161 1 0.0105028 89 79 2
"52" 2 1 3 4 "frame000830_0.jpg" 1321533732.99797 "2011111712:42:12.997" 2.22017 34.5148 317.37 6505.4137 2245.3752 -1.05469 -1.79077 1.258 0 0.315918 25.9161 1 0.0105028 89 79 2.2
"53" 3 1 3 1 "frame000835_0.jpg" 1321533735.12798 "2011111712:42:15.127" 2.23019 34.4911 317.122 6505.4148 2245.3777 -3.3728 -0.780029 1.281 0 0.375061 25.9161 1 0.0105028 89 79 2.2
"54" 4 1 3 1 "frame000838_0.jpg" 1321533736.81798 "2011111712:42:16.817" 2.19868 34.5132 316.826 6505.4156 2245.3796 -1.58203 -0.74707 1.314 0 0.339844 25.9161 1 0.0105028 89 79 2.2
"55" 5 1 3 2 "frame000841_0.jpg" 1321533738.08807 "2011111712:42:18.088" 2.21313 34.5026 317.111 6505.4162 2245.3812 -3.33984 -0.966797 1.32 0 0.333923 25.9161 1 0.0105028 89 79 2.2
"56" 6 1 3 4 "frame000850_0.jpg" 1321533742.29792 "2011111712:42:22.297" 2.17164 34.5671 317.523 6505.4183 2245.3862 -1.52161 -2.04346 1.293 0 0.533997 25.9161 1 0.0105028 89 79 2.2
"57" 7 1 3 1 "frame000853_0.jpg" 1321533743.55809 "2011111712:42:23.558" 2.12362 34.5761 316.919 6505.4189 2245.3877 -1.90063 -2.13684 1.295 0 0.614746 25.9161 1 0.0105028 89 79 2.1
"58" 8 1 3 2 "frame000859_0.jpg" 1321533746.10897 "2011111712:42:26.108" 2.03837 34.5737 317.062 6505.4202 2245.3906 -0.543823 -3.27393 1.29 0 0.653442 25.9161 1 0.0105028 89 79 2
"59" 9 1 3 3 "frame000868_0.jpg" 1321533750.33805 "2011111712:42:30.338" 1.96346 34.4096 317.194 6505.4224 2245.3957 -1.63696 -2.31262 1.29 0 0.507812 25.9161 1 0.0105028 89 79 2
"60" 10 1 3 4 "frame000886_0.jpg" 1321533758.79811 "2011111712:42:38.798" 2.08465 34.2065 317.265 6505.4266 2245.4058 -2.02698 -3.02673 1.326 0 0.579956 25.9161 1 0.0105028 89 79 2.1
"61" 11 1 3 3 "frame000898_0.jpg" 1321533764.3281 "2011111712:42:44.328" 2.07077 34.1475 317.666 6505.4293 2245.4124 -0.307617 -1.87317 1.36 0 0.42627 25.9161 1 0.0105028 89 79 2.1
"62" 12 1 3 3 "frame000919_0.jpg" 1321533774.04801 "2011111712:42:54.048" 2.17216 33.877 317.863 6505.4343 2245.4242 -1.81824 -1.21399 1.348 0 0.691162 25.9161 1 0.0105028 89 79 2.2
"63" 13 1 3 3 "frame000925_0.jpg" 1321533777.01802 "2011111712:42:57.018" 2.05483 33.8607 317.83 6505.4358 2245.4277 -1.47217 -1.96655 1.327 0 0.609802 25.9161 1 0.0105028 89 79 2.1
"64" 14 1 3 7 "frame000931_0.jpg" 1321533779.55799 "2011111712:42:59.557" 1.97591 33.8305 317.973 6505.4371 2245.4308 0.357056 -1.54907 1.321 0 0.569885 25.9161 1 0.0105028 89 79 2
"65" 15 1 3 1 "frame000949_0.jpg" 1321533788.00803 "2011111712:43:08.008" 2.16244 33.6454 317.627 6505.4413 2245.4409 -2.07092 -1.78528 1.301 0 0.718811 25.9161 1 0.0105028 89 79 2.2
"66" 16 1 3 5 "frame000958_0.jpg" 1321533792.53478 "2011111712:43:12.534" 1.98521 33.67 317.468 6505.4432 2245.4452 -1.58203 -1.71387 1.289 0 0.714233 25.9161 1 0.0105028 89 79 2
"67" 17 1 3 6 "frame000964_0.jpg" 1321533794.86803 "2011111712:43:14.868" 2.01591 33.5726 317.594 6505.4448 2245.4489 -1.29089 -2.15881 1.28 0 0.594971 25.9161 1 0.0105028 89 79 2
"68" 18 1 3 2 "frame000967_0.jpg" 1321533796.50811 "2011111712:43:16.508" 2.12894 33.5422 317.632 6505.4456 2245.4508 -0.598755 -2.14783 1.309 0 0.594971 25.9161 1 0.0105028 89 79 2.1
"69" 19 1 3 4 "frame000970_0.jpg" 1321533797.78807 "2011111712:43:17.788" 2.08506 33.5117 317.847 6505.4462 2245.4523 -2.55432 -1.58752 1.324 0 0.564819 25.9161 1 0.0105028 89 79 2.1
"70" 20 1 3 6 "frame000973_0.jpg" 1321533799.06807 "2011111712:43:19.068" 2.06049 33.5207 317.22 6505.4468 2245.4537 -1.58752 -2.47742 1.305 0 0.594971 25.9161 1 0.0105028 89 79 2.1
"71" 21 1 3 5 "frame000976_0.jpg" 1321533800.32814 "2011111712:43:20.328" 1.95025 33.5042 317.61 6505.4475 2245.4553 -0.230713 -1.23596 1.313 0 0.564819 25.9161 1 0.0105028 89 79 2
"72" 22 1 3 6 "frame000979_0.jpg" 1321533802.01795 "2011111712:43:22.017" 1.9479 33.457 317.391 6505.4483 2245.4573 -0.422974 -3.04321 1.33 0 0.594971 25.9161 1 0.0105028 89 79 1.9
"73" 23 1 3 5 "frame000985_0.jpg" 1321533804.55814 "2011111712:43:24.558" 1.96309 33.3552 317.885 6505.4496 2245.4602 -0.686646 -3.5321 1.291 0 0.662964 25.9161 1 0.0105028 89 79 2
"74" 24 1 3 7 "frame000988_0.jpg" 1321533805.84837 "2011111712:43:25.848" 1.96905 33.319 317.193 6505.4502 2245.4617 0.466919 -1.97205 1.301 0 0.662964 25.9161 1 0.0105028 89 79 2
"75" 25 1 3 7 "frame000991_0.jpg" 1321533807.56823 "2011111712:43:27.568" 1.97531 33.2146 317.83 6505.4511 2245.4638 -0.780029 -2.005 1.31 0 0.723389 25.9161 1 0.0105028 89 79 2
"76" 1 1 4 2 "frame001067_0.jpg" 1321534070.51935 "2011111712:47:50.519" 2.20625 29.6692 134.088 6505.5286 2245.5575 -1.77429 -1.47217 1.249 0 0.718811 25.9161 1 0.0105028 89 79 2.2
"77" 2 1 4 8 "frame001079_0.jpg" 1321534076.43802 "2011111712:47:56.438" 2.11923 29.7258 134.483 6505.5259 2245.5512 -1.51611 -2.42798 1.271 0 0.705078 25.9161 1 0.0105028 89 79 2.1
"78" 3 1 4 5 "frame001097_0.jpg" 1321534084.44806 "2011111712:48:04.448" 2.02198 29.5797 133.758 6505.5218 2245.5416 -0.148315 -0.483398 1.252 0 0.737 25.9161 1 0.0105028 89 79 2
"79" 4 1 4 5 "frame001109_0.jpg" 1321534089.96821 "2011111712:48:09.968" 1.99078 29.4529 133.209 6505.5192 2245.5354 0.098877 -3.16956 1.309 0 0.82019 25.9161 1 0.0105028 89 79 2
"80" 5 1 4 3 "frame001118_0.jpg" 1321534094.18811 "2011111712:48:14.188" 1.95445 29.3444 132.885 6505.5171 2245.5305 0.686646 -1.25244 1.279 0 0.857971 25.9161 1 0.0105028 89 79 2
"81" 6 1 4 5 "frame001121_0.jpg" 1321534095.44807 "2011111712:48:15.448" 1.95359 29.2859 133.297 6505.5164 2245.5291 -0.675659 -2.09839 1.276 0 0.874512 25.9161 1 0.0105028 89 79 2
"82" 7 1 4 1 "frame001127_0.jpg" 1321534098.40803 "2011111712:48:18.408" 2.00893 29.1894 133.242 6505.515 2245.5257 -0.856934 -1.89514 1.292 0 0.866272 25.9161 1 0.0105028 89 79 2
"83" 8 1 4 3 "frame001136_0.jpg" 1321534102.63806 "2011111712:48:22.638" 1.91583 29.1173 132.479 6505.5129 2245.5209 0.0604248 -2.87842 1.296 0 0.926819 25.9161 1 0.0105028 89 79 1.9
"84" 9 1 4 1 "frame001139_0.jpg" 1321534103.90806 "2011111712:48:23.908" 1.93012 29.0778 131.786 6505.5123 2245.5194 0.725098 -1.66443 1.285 0 0.803101 25.9161 1 0.0105028 89 79 1.9
"85" 10 1 4 3 "frame001142_0.jpg" 1321534105.17812 "2011111712:48:25.178" 1.95018 29.0123 132.77 6505.5117 2245.5179 -0.241699 -1.35681 1.295 0 0.922852 25.9161 1 0.0105028 89 79 2
"86" 11 1 4 4 "frame001145_0.jpg" 1321534106.85807 "2011111712:48:26.858" 1.96451 28.9504 131.545 6505.5108 2245.5159 0.593262 -2.005 1.303 0 0.977295 25.9161 1 0.0105028 89 79 2
"87" 12 1 4 2 "frame001160_0.jpg" 1321534113.5981 "2011111712:48:33.598" 1.99901 28.7455 131.726 6505.5075 2245.5079 -0.197754 -1.69189 1.278 0 0.958069 25.9161 1 0.0105028 89 79 2
"88" 13 1 4 4 "frame001163_0.jpg" 1321534114.8703 "2011111712:48:34.870" 1.99962 28.7153 132.528 6505.5068 2245.5065 -0.560303 -2.09839 1.3 0 1.01123 25.9161 1 0.0105028 89 79 2
"89" 14 1 4 12 "frame001169_0.jpg" 1321534117.97817 "2011111712:48:37.978" 1.99989 28.6326 132.276 6505.5053 2245.5028 -0.609741 -1.6095 1.325 0 0.894836 25.9161 1 0.0105028 89 79 2
"90" 15 1 4 3 "frame001175_0.jpg" 1321534120.5181 "2011111712:48:40.518" 2.16819 28.5683 131.902 6505.504 2245.4997 -1.66443 -1.08765 1.327 0 0.870361 25.9161 1 0.0105028 89 79 2.2
"91" 16 1 4 6 "frame001178_0.jpg" 1321534122.18823 "2011111712:48:42.188" 2.17815 28.5702 131.204 6505.5031 2245.4977 -2.05444 -2.80151 1.318 0 0.84552 25.9161 1 0.0105028 89 79 2.2
"92" 17 1 4 3 "frame001379_0.jpg" 1321534215.13809 "2011111712:50:15.138" 2.24596 33.8129 132.239 6505.458 2245.3897 -3.04321 -2.78503 1.274 0 0.369263 25.9161 1 0.0105028 89 79 2.2
"93" 18 1 4 1 "frame001427_0.jpg" 1321534237.61822 "2011111712:50:37.618" 2.21507 34.4271 131.629 6505.4471 2245.3638 -3.16406 -1.27991 1.266 0 0.629395 25.9161 1 0.0105028 89 79 2.2
"94" 19 1 4 1 "frame001430_0.jpg" 1321534238.8882 "2011111712:50:38.888" 2.21532 34.4703 131.415 6505.4465 2245.3623 -1.27991 -2.02148 1.264 0 0.497192 25.9161 1 0.0105028 89 79 2.2
"95" 20 1 4 1 "frame001433_0.jpg" 1321534240.15821 "2011111712:50:40.158" 2.18028 34.4657 131.514 6505.4459 2245.3608 -2.35657 -1.38977 1.286 0 0.380859 25.9161 1 0.0105028 89 79 2.2
"96" 21 1 4 2 "frame001468_0.jpg" 1321534256.32819 "2011111712:50:56.328" 2.23091 34.659 132.355 6505.4381 2245.3421 -3.18604 -1.27991 1.29 0 0.409424 25.9161 1 0.0105028 89 79 2.2
"97" 22 1 4 1 "frame001477_0.jpg" 1321534260.57834 "2011111712:51:00.578" 2.24945 34.7692 131.888 6505.4361 2245.3371 -2.4939 -3.49915 1.262 0 0.609802 25.9161 1 0.0105028 89 79 2.2
"98" 23 1 4 5 "frame001496_0.jpg" 1321534269.4183 "2011111712:51:09.418" 2.12354 34.9006 132.833 6505.4318 2245.3268 -2.30164 -1.87317 1.27 0 0.64386 25.9161 1 0.0105028 89 79 2.1
"99" 24 1 4 2 "frame001511_0.jpg" 1321534276.71823 "2011111712:51:16.718" 2.16615 34.8139 132.75 6505.4283 2245.3184 -2.71362 -1.74133 1.266 0 0.64386 25.9161 1 0.0105028 89 79 2.2
"100" 25 1 4 0 "frame001517_0.jpg" 1321534279.4481 "2011111712:51:19.448" 2.08356 34.8057 132.976 6505.427 2245.3152 -2.18079 -0.74707 1.309 0 0.614746 25.9161 1 0.0105028 89 79 2.1
"101" 1 2 1 3 "frame001936_0.jpg" 1321535714.15828 "2011111713:15:14.158" 2.17653 28.0293 320.707 6505.4608 2245.6214 -1.79626 -1.16455 1.311 0 0.681824 25.9161 1 0.0105028 90 80 2.2
"102" 2 2 1 3 "frame001925_0.jpg" 1321535709.10833 "2011111713:15:09.108" 1.99918 28.1833 320.603 6505.4583 2245.6154 -0.692139 -1.99951 1.294 0 0.7901 25.9161 1 0.0105028 90 80 2
"103" 3 2 1 6 "frame001764_0.jpg" 1321535634.66814 "2011111713:13:54.668" 2.17351 31.0075 318.846 6505.4213 2245.5264 -2.4884 -2.72461 1.311 0 0.700439 25.9161 1 0.0105028 90 80 2.2
"104" 4 2 1 1 "frame001784_0.jpg" 1321535643.95814 "2011111713:14:03.958" 2.23589 31.0465 319.906 6505.4259 2245.5375 -3.03223 -2.84546 1.354 0 0.497192 25.9161 1 0.0105028 90 80 2.2
"105" 5 2 1 3 "frame001741_0.jpg" 1321535624.10908 "2011111713:13:44.109" 2.03415 31.0916 318.637 6505.416 2245.5136 0.439453 -3.16956 1.302 0 0.619629 25.9161 1 0.0105028 90 80 2
"106" 6 2 1 5 "frame001674_0.jpg" 1321535593.26815 "2011111713:13:13.268" 1.79075 31.9653 318.731 6505.4006 2245.4766 1.91711 -1.98303 1.355 0 0.658203 25.9161 1 0.0105028 90 80 1.8
"107" 7 2 1 4 "frame001914_0.jpg" 1321535704.0681 "2011111713:15:04.068" 1.87286 28.4196 320.564 6505.4557 2245.6093 0.664673 -2.53235 1.29 0 0.878601 25.9161 1 0.0105028 90 80 1.9
"108" 8 2 1 0 "frame001690_0.jpg" 1321535600.44808 "2011111713:13:20.448" 1.95231 31.6139 318.748 6505.4042 2245.4854 0.0439453 -1.49414 1.319 0 0.745972 25.9161 1 0.0105028 90 80 2
"109" 9 2 1 8 "frame001678_0.jpg" 1321535594.95828 "2011111713:13:14.958" 1.86472 31.8456 318.621 6505.4015 2245.4787 1.02722 -2.94983 1.373 0 0.737 25.9161 1 0.0105028 90 80 1.9
"110" 10 2 1 3 "frame001943_0.jpg" 1321535717.58817 "2011111713:15:17.588" 2.20796 28.0553 320.558 6505.4625 2245.6255 -2.02148 -2.94983 1.275 0 0.614746 25.9161 1 0.0105028 90 80 2.2
"111" 11 2 1 2 "frame002054_0.jpg" 1321535768.90807 "2011111713:16:08.908" 2.04135 29.1636 321.503 6505.4878 2245.6863 -0.0933838 -1.03271 1.294 0 0.794434 25.9161 1 0.0105028 90 80 2
"112" 12 2 1 2 "frame001645_0.jpg" 1321535579.708 "2011111713:12:59.708" 1.87291 32.9647 320.374 6505.3935 2245.4605 -1.72485 -2.97729 1.31 0 0.862122 25.9161 1 0.0105028 90 80 1.9
"113" 13 2 1 3 "frame001755_0.jpg" 1321535630.4482 "2011111713:13:50.448" 2.15078 31.028 318.434 6505.4192 2245.5212 -1.69739 -3.55408 1.327 0 0.727966 25.9161 1 0.0105028 90 80 2.2
"114" 14 2 1 1 "frame001921_0.jpg" 1321535707.42815 "2011111713:15:07.428" 1.98279 28.2538 320.564 6505.4574 2245.6133 -0.0604248 -1.18652 1.289 0 0.882629 25.9161 1 0.0105028 90 80 2
"115" 15 2 1 1 "frame001824_0.jpg" 1321535662.55805 "2011111713:14:22.558" 2.12694 31.1848 319.615 6505.4351 2245.5597 -0.922852 -2.79602 1.306 0 0.759338 25.9161 1 0.0105028 90 80 2.1
"116" 16 2 1 1 "frame002008_0.jpg" 1321535747.72847 "2011111713:15:47.728" 2.24629 28.9794 320.739 6505.4771 2245.6607 -2.55981 -1.48315 1.281 0 0.559692 25.9161 1 0.0105028 90 80 2.2
"117" 17 2 1 7 "frame001864_0.jpg" 1321535681.10816 "2011111713:14:41.108" 1.85351 30.3618 320.229 6505.4441 2245.5813 1.27441 -2.13684 1.361 0 0.918884 25.9161 1 0.0105028 90 80 1.9
"118" 18 2 1 6 "frame001671_0.jpg" 1321535591.98794 "2011111713:13:11.987" 1.76589 32.0869 318.896 6505.3997 2245.4746 1.10962 -1.33484 1.344 0 0.564819 25.9161 1 0.0105028 90 80 1.8
"119" 19 2 1 3 "frame001847_0.jpg" 1321535673.13815 "2011111713:14:33.138" 1.89718 30.8474 320.603 6505.4403 2245.5723 0.933838 -2.09839 1.271 0 0.874512 25.9161 1 0.0105028 90 80 1.9
"120" 20 2 1 1 "frame002123_0.jpg" 1321535800.86212 "2011111713:16:40.862" 1.87113 28.0963 321.211 6505.5036 2245.724 0.571289 -3.2135 1.291 0 1.01495 25.9161 1 0.0105028 90 80 1.9
"121" 21 2 1 1 "frame002041_0.jpg" 1321535762.98821 "2011111713:16:02.988" 2.12753 29.2209 321.514 6505.4849 2245.6793 -2.30713 -1.89514 1.295 0 0.658203 25.9161 1 0.0105028 90 80 2.1
"122" 22 2 1 8 "frame001735_0.jpg" 1321535621.16378 "2011111713:13:41.163" 1.94545 31.1678 318.747 6505.4145 2245.5101 -0.411987 -1.59851 1.304 0 0.681824 25.9161 1 0.0105028 90 80 1.9
"123" 23 2 1 5 "frame002045_0.jpg" 1321535764.66824 "2011111713:16:04.668" 2.11636 29.2494 320.964 6505.4857 2245.6812 -0.823975 -1.46667 1.285 0 0.727966 25.9161 1 0.0105028 90 80 2.1
"124" 24 2 1 0 "frame001684_0.jpg" 1321535597.91818 "2011111713:13:17.918" 1.95347 31.705 318.489 6505.403 2245.4823 0.53833 -2.64771 1.32 0 0.798767 25.9161 1 0.0105028 90 80 2
"125" 25 2 1 0 "frame001876_0.jpg" 1321535687.02801 "2011111713:14:47.028" 1.78245 30.0393 320.872 6505.4467 2245.5877 1.07117 -2.19727 1.285 0 1.03345 25.9161 1 0.0105028 90 80 1.8
"126" 1 2 2 0 "frame002189_0.jpg" 1321535899.15811 "2011111713:18:19.158" 2.24084 29.079 128.907 6505.5017 2245.6274 -2.14783 -0.780029 1.296 0 0.528809 25.9161 1 0.0105028 90 80 2.2
"127" 2 2 2 3 "frame002207_0.jpg" 1321535907.7582 "2011111713:18:27.758" 2.19169 29.1891 129.523 6505.4974 2245.6172 -2.26318 -2.53235 1.286 0 0.559692 25.9161 1 0.0105028 90 80 2.2
"128" 3 2 2 2 "frame002215_0.jpg" 1321535911.57818 "2011111713:18:31.578" 2.1736 29.2233 129.599 6505.4955 2245.6128 -3.1366 -2.69714 1.327 0 0.64386 25.9161 1 0.0105028 90 80 2.2
"129" 4 2 2 3 "frame002223_0.jpg" 1321535914.99808 "2011111713:18:34.998" 2.09669 29.2303 129.517 6505.4938 2245.6087 -2.27417 -2.45544 1.297 0 0.695801 25.9161 1 0.0105028 90 80 2.1
"130" 5 2 2 3 "frame002231_0.jpg" 1321535918.81802 "2011111713:18:38.818" 2.08514 29.1729 129.731 6505.492 2245.6042 -1.7688 -2.88391 1.301 0 0.672424 25.9161 1 0.0105028 90 80 2.1
"131" 6 2 2 4 "frame002239_0.jpg" 1321535922.6581 "2011111713:18:42.658" 2.05804 29.1642 129.363 6505.49 2245.5997 -1.30188 -3.24097 1.3 0 0.798767 25.9161 1 0.0105028 90 80 2.1
"132" 7 2 2 5 "frame002247_0.jpg" 1321535926.41818 "2011111713:18:46.418" 1.97245 29.0345 129.21 6505.4883 2245.5955 -0.368042 -3.40576 1.319 0 0.714233 25.9161 1 0.0105028 90 80 2
"133" 8 2 2 0 "frame002255_0.jpg" 1321535929.80803 "2011111713:18:49.808" 2.00667 28.9014 129.017 6505.4865 2245.5912 -0.593262 -2.2467 1.287 0 0.807373 25.9161 1 0.0105028 90 80 2
"134" 9 2 2 8 "frame002263_0.jpg" 1321535933.57819 "2011111713:18:53.578" 1.96501 28.7921 129.254 6505.4846 2245.5867 0.137329 -1.57104 1.333 0 0.803101 25.9161 1 0.0105028 90 80 2
"135" 10 2 2 1 "frame002271_0.jpg" 1321535937.40805 "2011111713:18:57.408" 2.03618 28.655 129.391 6505.4826 2245.5821 -0.20874 -2.34009 1.315 0 0.686523 25.9161 1 0.0105028 90 80 2
"136" 11 2 2 6 "frame002279_0.jpg" 1321535941.20798 "2011111713:19:01.207" 2.06675 28.562 129.347 6505.481 2245.5782 -0.197754 -1.35681 1.276 0 0.639038 25.9161 1 0.0105028 90 80 2.1
"137" 12 2 2 7 "frame002287_0.jpg" 1321535944.59817 "2011111713:19:04.598" 2.09664 28.5203 129.446 6505.4791 2245.5737 -0.390015 -2.53235 1.266 0 0.594971 25.9161 1 0.0105028 90 80 2.1
"138" 13 2 2 3 "frame002295_0.jpg" 1321535948.42816 "2011111713:19:08.428" 2.10761 28.4824 129.43 6505.4772 2245.5692 -1.45569 -1.47217 1.287 0 0.64386 25.9161 1 0.0105028 90 80 2.1
"139" 14 2 2 7 "frame002303_0.jpg" 1321535952.24816 "2011111713:19:12.248" 2.1996 28.4487 129.314 6505.4753 2245.5648 -2.68616 -2.51587 1.304 0 0.662964 25.9161 1 0.0105028 90 80 2.2
"140" 15 2 2 3 "frame002311_0.jpg" 1321535956.01713 "2011111713:19:16.017" 2.20774 28.462 129.001 6505.4736 2245.5608 -2.66418 -3.01575 1.262 0 0.634216 25.9161 1 0.0105028 90 80 2.2
"141" 16 2 2 5 "frame002421_0.jpg" 1321536007.15815 "2011111713:20:07.158" 2.16716 30.9695 128.914 6505.4484 2245.501 -1.8512 -1.82922 1.277 0 0.475769 25.9161 1 0.0105028 90 80 2.2
"142" 17 2 2 0 "frame002429_0.jpg" 1321536010.56803 "2011111713:20:10.568" 2.23017 30.9883 128.925 6505.4467 2245.497 -1.71936 -1.73584 1.332 0 0.442932 25.9161 1 0.0105028 90 80 2.2
"143" 18 2 2 5 "frame002443_0.jpg" 1321536017.34819 "2011111713:20:17.348" 2.14689 31.1371 128.953 6505.4434 2245.489 -0.686646 -1.53259 1.276 0 0.459473 25.9161 1 0.0105028 90 80 2.1
"144" 19 2 2 1 "frame002451_0.jpg" 1321536020.74835 "2011111713:20:20.748" 2.1773 31.1611 128.777 6505.4416 2245.485 -1.04919 -0.955811 1.298 0 0.486511 25.9161 1 0.0105028 90 80 2.2
"145" 20 2 2 6 "frame002459_0.jpg" 1321536024.53825 "2011111713:20:24.538" 2.09472 31.1818 129.167 6505.4398 2245.4805 -1.45569 -1.16455 1.274 0 0.579956 25.9161 1 0.0105028 90 80 2.1
"146" 21 2 2 4 "frame002467_0.jpg" 1321536028.32825 "2011111713:20:28.328" 2.11465 31.124 129.563 6505.438 2245.4761 -0.675659 -1.4447 1.274 0 0.415039 25.9161 1 0.0105028 90 80 2.1
"147" 22 2 2 3 "frame002475_0.jpg" 1321536032.14812 "2011111713:20:32.148" 2.18308 31.0936 129.277 6505.4361 2245.4716 -2.44446 -2.12036 1.319 0 0.431885 25.9161 1 0.0105028 90 80 2.2
"148" 23 2 2 1 "frame002485_0.jpg" 1321536036.80829 "2011111713:20:36.808" 2.22491 31.1669 128.904 6505.4337 2245.4661 -1.98303 -3.27942 1.294 0 0.564819 25.9161 1 0.0105028 90 80 2.2
"149" 24 2 2 4 "frame002495_0.jpg" 1321536041.44813 "2011111713:20:41.448" 2.22306 31.1938 129.261 6505.4316 2245.461 -2.7356 -1.12061 1.311 0 0.398071 25.9161 1 0.0105028 90 80 2.2
"150" 25 2 2 1 "frame002670_0.jpg" 1321536122.93835 "2011111713:22:02.938" 2.16607 34.6202 130.092 6505.3917 2245.366 -0.955811 -3.02673 1.311 0 0.254272 25.9161 1 0.0105028 90 80 2.2
"151" 1 2 3 1 "frame003203_0.jpg" 1321536436.46818 "2011111713:27:16.468" 2.01799 28.7528 322.052 6505.5295 2245.6045 -0.00549316 -2.66968 1.275 0 0.776978 25.9161 1 0.0105028 90 80 2
"152" 2 2 3 4 "frame003031_0.jpg" 1321536356.36803 "2011111713:25:56.368" 1.75603 28.8124 321.922 6505.4905 2245.511 1.98303 -2.35107 1.291 0 1.00378 25.9161 1 0.0105028 90 80 1.8
"153" 3 2 3 2 "frame002763_0.jpg" 1321536231.68803 "2011111713:23:51.688" 1.75445 33.0115 318.534 6505.43 2245.3653 1.18103 -3.17505 1.331 0 1.112 25.9161 1 0.0105028 90 80 1.8
"154" 4 2 3 3 "frame003040_0.jpg" 1321536360.17812 "2011111713:26:00.178" 1.85419 28.4837 321.812 6505.4925 2245.5159 0.41748 -2.13135 1.262 0 1.04803 25.9161 1 0.0105028 90 80 1.9
"155" 5 2 3 1 "frame003212_0.jpg" 1321536440.30831 "2011111713:27:20.308" 1.96486 28.6634 322.107 6505.5314 2245.609 0.928345 -1.34033 1.249 0 0.785767 25.9161 1 0.0105028 90 80 2
"156" 6 2 3 1 "frame002859_0.jpg" 1321536276.54815 "2011111713:24:36.548" 2.09696 30.8578 321.192 6505.4518 2245.4182 0.0714111 -3.34534 1.241 0 0.464905 25.9161 1 0.0105028 90 80 2.1
"157" 7 2 3 1 "frame002783_0.jpg" 1321536241.368 "2011111713:24:01.367" 1.76825 32.0967 319.88 6505.4346 2245.3766 0.977783 -2.40601 1.299 0 1.13617 25.9161 1 0.0105028 90 80 1.8
"158" 8 2 3 1 "frame002815_0.jpg" 1321536256.1881 "2011111713:24:16.188" 2.04709 31.2593 321.819 6505.4416 2245.3938 -0.829468 -1.93909 1.283 0 0.584961 25.9161 1 0.0105028 90 80 2
"159" 9 2 3 1 "frame002926_0.jpg" 1321536307.45815 "2011111713:25:07.458" 2.17171 30.9667 322.252 6505.4667 2245.4541 -2.1698 -1.64246 1.287 0 0.574951 25.9161 1 0.0105028 90 80 2.2
"160" 10 2 3 2 "frame003223_0.jpg" 1321536445.35822 "2011111713:27:25.358" 1.98104 28.4521 322.81 6505.5338 2245.6149 -0.411987 -2.82349 1.274 0 0.918884 25.9161 1 0.0105028 90 80 2
"161" 11 2 3 2 "frame003061_0.jpg" 1321536370.10824 "2011111713:26:10.108" 2.14722 28.032 322.125 6505.4974 2245.5276 -2.7356 -2.80701 1.281 0 0.653442 25.9161 1 0.0105028 90 80 2.1
"162" 12 2 3 3 "frame002830_0.jpg" 1321536262.96804 "2011111713:24:22.968" 1.94411 31.0725 321.297 6505.4451 2245.4023 0.43396 -2.4884 1.251 0 0.544312 25.9161 1 0.0105028 90 80 1.9
"163" 13 2 3 1 "frame002850_0.jpg" 1321536272.29807 "2011111713:24:32.298" 2.13036 30.8906 321.851 6505.4497 2245.4132 -2.09839 -1.64795 1.277 0 0.662964 25.9161 1 0.0105028 90 80 2.1
"164" 14 2 3 1 "frame002797_0.jpg" 1321536247.71815 "2011111713:24:07.718" 1.80525 31.6322 321.594 6505.4377 2245.3844 0.818481 -1.08215 1.305 0 0.890808 25.9161 1 0.0105028 90 80 1.8
"165" 15 2 3 2 "frame002787_0.jpg" 1321536243.06812 "2011111713:24:03.068" 1.75722 31.979 320.407 6505.4355 2245.3789 2.40601 -1.95007 1.307 0 0.902893 25.9161 1 0.0105028 90 80 1.8
"166" 16 2 3 1 "frame002863_0.jpg" 1321536278.24806 "2011111713:24:38.248" 2.14529 30.8105 321.78 6505.4526 2245.4202 -2.72461 -1.42822 1.277 0 0.589966 25.9161 1 0.0105028 90 80 2.1
"167" 17 2 3 2 "frame002738_0.jpg" 1321536220.26147 "2011111713:23:40.261" 1.81874 33.9487 317.908 6505.4245 2245.3518 1.39526 -2.62024 1.225 0 0.629395 25.9161 1 0.0105028 90 80 1.8
"168" 18 2 3 5 "frame002833_0.jpg" 1321536264.24809 "2011111713:24:24.248" 1.94752 31.011 321.489 6505.4457 2245.4038 0.31311 -1.89514 1.253 0 0.5495 25.9161 1 0.0105028 90 80 1.9
"169" 19 2 3 0 "frame002729_0.jpg" 1321536216.43801 "2011111713:23:36.438" 1.85309 34.16 318.243 6505.4224 2245.3468 0.86792 -0.0604248 1.28 0 0.914917 25.9161 1 0.0105028 90 80 1.9
"170" 20 2 3 2 "frame002917_0.jpg" 1321536303.20821 "2011111713:25:03.208" 2.15399 30.9347 321.406 6505.4647 2245.4493 -1.23596 -1.8512 1.234 0 0.464905 25.9161 1 0.0105028 90 80 2.2
"171" 21 2 3 3 "frame002868_0.jpg" 1321536280.36806 "2011111713:24:40.368" 2.07045 30.8196 321.302 6505.4536 2245.4227 -0.252686 -2.08191 1.302 0 0.639038 25.9161 1 0.0105028 90 80 2.1
"172" 22 2 3 3 "frame003233_0.jpg" 1321536450.03825 "2011111713:27:30.038" 1.96596 28.2735 322.332 6505.5361 2245.6204 0.285645 -2.79602 1.301 0 0.750427 25.9161 1 0.0105028 90 80 2
"173" 23 2 3 9 "frame003218_0.jpg" 1321536443.2483 "2011111713:27:23.248" 1.9557 28.5395 322.228 6505.5328 2245.6124 0.615234 -2.18079 1.252 0 0.718811 25.9161 1 0.0105028 90 80 2
"174" 24 2 3 6 "frame003068_0.jpg" 1321536373.49812 "2011111713:26:13.498" 2.17769 28.0095 322.158 6505.499 2245.5315 -2.34009 -3.09265 1.294 0 0.502502 25.9161 1 0.0105028 90 80 2.2
"175" 25 2 3 0 "frame002803_0.jpg" 1321536250.25803 "2011111713:24:10.258" 1.91815 31.4744 321.396 6505.4389 2245.3874 0.324097 -0.357056 1.262 0 0.996277 25.9161 1 0.0105028 90 80 1.9
"176" 1 2 4 5 "frame003332_0.jpg" 1321536562.42803 "2011111713:29:22.428" 2.24796 29.0467 127.287 6505.5375 2245.5329 -2.50488 -1.46667 1.311 0 0.52356 25.9161 1 0.0105028 90 80 2.2
"177" 2 2 4 1 "frame003344_0.jpg" 1321536567.97808 "2011111713:29:27.978" 2.19533 29.1025 127.051 6505.5345 2245.5258 -2.52136 -2.70264 1.348 0 0.48114 25.9161 1 0.0105028 90 80 2.2
"178" 3 2 4 4 "frame003352_0.jpg" 1321536571.78798 "2011111713:29:31.787" 2.19576 29.1301 126.798 6505.5325 2245.5211 -2.29065 -2.04346 1.343 0 0.604858 25.9161 1 0.0105028 90 80 2.2
"179" 4 2 4 2 "frame003360_0.jpg" 1321536575.1881 "2011111713:29:35.188" 2.12806 29.1637 126.914 6505.5308 2245.517 -1.07666 -2.32361 1.334 0 0.662964 25.9161 1 0.0105028 90 80 2.1
"180" 5 2 4 5 "frame003368_0.jpg" 1321536578.96814 "2011111713:29:38.968" 2.07353 29.1288 127.079 6505.5288 2245.5124 -0.725098 -0.999756 1.344 0 0.723389 25.9161 1 0.0105028 90 80 2.1
"181" 6 2 4 1 "frame003376_0.jpg" 1321536582.78801 "2011111713:29:42.788" 1.97589 29.0832 127.337 6505.5269 2245.5078 -0.41748 -1.59851 1.338 0 0.763794 25.9161 1 0.0105028 90 80 2
"182" 7 2 4 3 "frame003384_0.jpg" 1321536586.56807 "2011111713:29:46.568" 2.0358 28.9549 127.095 6505.5249 2245.5031 -0.324097 -2.65869 1.34 0 0.798767 25.9161 1 0.0105028 90 80 2
"183" 8 2 4 8 "frame003392_0.jpg" 1321536589.93804 "2011111713:29:49.938" 1.99676 28.845 126.59 6505.5232 2245.499 -0.197754 -3.25195 1.314 0 0.772583 25.9161 1 0.0105028 90 80 2
"184" 9 2 4 2 "frame003400_0.jpg" 1321536593.76802 "2011111713:29:53.768" 2.0075 28.7219 126.92 6505.5212 2245.4943 -1.48315 -1.74683 1.365 0 0.700439 25.9161 1 0.0105028 90 80 2
"185" 10 2 4 4 "frame003408_0.jpg" 1321536597.5582 "2011111713:29:57.558" 1.99995 28.6034 127.238 6505.5192 2245.4897 0.0384521 -1.65894 1.3 0 0.639038 25.9161 1 0.0105028 90 80 2
"186" 11 2 4 4 "frame003416_0.jpg" 1321536601.36812 "2011111713:30:01.368" 2.0952 28.4796 127.194 6505.5175 2245.4856 -1.17554 -2.75757 1.351 0 0.64386 25.9161 1 0.0105028 90 80 2.1
"187" 12 2 4 3 "frame003424_0.jpg" 1321536604.73819 "2011111713:30:04.738" 2.17568 28.4481 127.068 6505.5156 2245.481 -1.59302 -2.70813 1.322 0 0.653442 25.9161 1 0.0105028 90 80 2.2
"188" 13 2 4 7 "frame003432_0.jpg" 1321536608.58806 "2011111713:30:08.588" 2.16532 28.4541 127.563 6505.5136 2245.4763 -2.05444 -2.85095 1.357 0 0.564819 25.9161 1 0.0105028 90 80 2.2
"189" 14 2 4 1 "frame003441_0.jpg" 1321536612.76816 "2011111713:30:12.768" 2.2413 28.4569 127.651 6505.5115 2245.4712 -3.35632 -3.22449 1.341 0 0.533997 25.9161 1 0.0105028 90 80 2.2
"190" 15 2 4 1 "frame003553_0.jpg" 1321536664.6182 "2011111713:31:04.618" 2.24463 30.8024 128.36 6505.4851 2245.4082 -2.35657 -1.53259 1.372 0 0.409424 25.9161 1 0.0105028 90 80 2.2
"191" 16 2 4 2 "frame003561_0.jpg" 1321536668.46819 "2011111713:31:08.468" 2.16782 30.8622 128.366 6505.4831 2245.4035 -1.94458 -1.00525 1.346 0 0.533997 25.9161 1 0.0105028 90 80 2.2
"192" 17 2 4 3 "frame003569_0.jpg" 1321536672.23821 "2011111713:31:12.238" 2.18232 30.9206 128.459 6505.4811 2245.3989 -2.04895 -3.38928 1.356 0 0.491882 25.9161 1 0.0105028 90 80 2.2
"193" 18 2 4 4 "frame003577_0.jpg" 1321536675.65836 "2011111713:31:15.658" 2.14614 30.9412 128.371 6505.4794 2245.3947 -1.95007 -1.08765 1.343 0 0.539185 25.9161 1 0.0105028 90 80 2.1
"194" 19 2 4 2 "frame003585_0.jpg" 1321536679.50802 "2011111713:31:19.508" 2.11483 30.9085 127.877 6505.4774 2245.39 -1.01074 -3.14758 1.376 0 0.513062 25.9161 1 0.0105028 90 80 2.1
"195" 20 2 4 5 "frame003593_0.jpg" 1321536683.31812 "2011111713:31:23.318" 2.1743 30.9134 127.729 6505.4755 2245.3854 -2.05994 -2.45544 1.33 0 0.559692 25.9161 1 0.0105028 90 80 2.2
"196" 21 2 4 0 "frame003601_0.jpg" 1321536687.12808 "2011111713:31:27.128" 2.18945 30.9301 127.806 6505.4735 2245.3806 -1.35132 -1.24146 1.334 0 0.453979 25.9161 1 0.0105028 90 80 2.2
"197" 22 2 4 6 "frame003609_0.jpg" 1321536690.51815 "2011111713:31:30.518" 2.19421 30.9653 127.915 6505.4718 2245.3765 -0.895386 -1.74133 1.312 0 0.442932 25.9161 1 0.0105028 90 80 2.2
"198" 23 2 4 3 "frame003623_0.jpg" 1321536697.27826 "2011111713:31:37.278" 2.23906 31.0401 128.146 6505.4684 2245.3685 -3.42224 -2.41699 1.325 0 0.459473 25.9161 1 0.0105028 90 80 2.2
"199" 24 2 4 1 "frame003791_0.jpg" 1321536775.21814 "2011111713:32:55.218" 2.22541 34.6201 130.394 6505.4297 2245.276 -2.2522 -2.59827 1.323 0 0.339844 25.9161 1 0.0105028 90 80 2.2
"200" 25 2 4 2 "frame003799_0.jpg" 1321536779.02825 "2011111713:32:59.028" 2.14623 34.6721 129.883 6505.4279 2245.2715 -0.340576 -2.03247 1.26 0 0.375061 25.9161 1 0.0105028 90 80 2.1
"201" 1 3 1 2 "frame003928_0.jpg" 1321538839.6781 "2011111714:07:19.678" 2.16294 32.8417 332.255 6505.3918 2245.4891 -1.3623 2.70264 1.361 0 0.398071 25.9161 1 0.0105028 90 80 2.2
"202" 2 3 1 4 "frame003935_0.jpg" 1321538843.00802 "2011111714:07:23.008" 1.9159 32.8505 331.92 6505.3936 2245.4933 -0.115356 -0.703125 1.352 0 0.363403 25.9161 1 0.0105028 90 80 1.9
"203" 3 3 1 2 "frame003942_0.jpg" 1321538846.34796 "2011111714:07:26.347" 1.92655 32.7177 327.685 6505.3952 2245.4968 -0.230713 -6.13586 1.366 0 0.309875 25.9161 1 0.0105028 90 80 1.9
"204" 4 3 1 0 "frame003945_0.jpg" 1321538847.61804 "2011111714:07:27.618" 1.93759 32.6263 328.448 6505.396 2245.499 0.411987 0.241699 1.342 0 0.303772 25.9161 1 0.0105028 90 80 1.9
"205" 5 3 1 1 "frame003961_0.jpg" 1321538854.78814 "2011111714:07:34.788" 1.98245 32.4895 331.063 6505.3998 2245.5078 1.16455 1.18103 1.358 0 0.398071 25.9161 1 0.0105028 90 80 2
"206" 6 3 1 1 "frame003990_0.jpg" 1321538868.28805 "2011111714:07:48.288" 1.9321 31.9522 328.657 6505.4071 2245.5247 0.769043 -2.34009 1.4 0 0.398071 25.9161 1 0.0105028 90 80 1.9
"207" 7 3 1 3 "frame003995_0.jpg" 1321538870.37808 "2011111714:07:50.378" 2.0171 31.8873 328.915 6505.4082 2245.5274 0.0823975 1.54907 1.357 0 0.363403 25.9161 1 0.0105028 90 80 2
"208" 8 3 1 2 "frame004001_0.jpg" 1321538873.32794 "2011111714:07:53.327" 2.09345 31.9352 331.129 6505.4097 2245.5313 -0.31311 -0.670166 1.4 0 0.569885 25.9161 1 0.0105028 90 80 2.1
"209" 9 3 1 6 "frame004007_0.jpg" 1321538877.16083 "2011111714:07:57.160" 1.94119 31.9397 328.761 6505.4111 2245.5346 -1.07666 -4.76257 1.341 0 0.48114 25.9161 1 0.0105028 90 80 1.9
"210" 10 3 1 2 "frame004027_0.jpg" 1321538885.19819 "2011111714:08:05.198" 1.97442 31.67 329.821 6505.416 2245.5462 0.609741 0.065918 1.267 0 0.351685 25.9161 1 0.0105028 90 80 2
"211" 11 3 1 9 "frame004045_0.jpg" 1321538893.66809 "2011111714:08:13.668" 1.93773 31.5485 330.837 6505.4203 2245.5566 0.0549316 0.565796 1.292 0 0.409424 25.9161 1 0.0105028 90 80 1.9
"212" 12 3 1 1 "frame004065_0.jpg" 1321538902.87814 "2011111714:08:22.878" 2.08263 31.3531 332.754 6505.4251 2245.5684 0.285645 -0.664673 1.32 0 0.392334 25.9161 1 0.0105028 90 80 2.1
"213" 13 3 1 1 "frame004071_0.jpg" 1321538905.39792 "2011111714:08:25.397" 1.96526 31.3635 329.777 6505.4264 2245.5714 -0.192261 -1.42822 1.289 0 0.475769 25.9161 1 0.0105028 90 80 1.8
"214" 14 3 1 5 "frame004106_0.jpg" 1321538921.81824 "2011111714:08:41.818" 1.81782 30.7729 329.573 6505.4349 2245.5916 1.32935 -1.53259 1.444 0 0.807373 25.9161 1 0.0105028 90 80 1.8
"215" 15 3 1 2 "frame004177_0.jpg" 1321538954.16815 "2011111714:09:14.168" 1.87032 27.5594 330.616 6505.4524 2245.6337 2.42798 -3.2135 1.354 0 0.64386 25.9161 1 0.0105028 90 80 1.9
"216" 16 3 1 10 "frame004183_0.jpg" 1321538957.12815 "2011111714:09:17.128" 1.88937 27.4847 330.062 6505.454 2245.6374 0.406494 -1.2854 1.357 0 0.574951 25.9161 1 0.0105028 90 80 1.9
"217" 17 3 1 0 "frame004186_0.jpg" 1321538958.38814 "2011111714:09:18.388" 1.92593 27.4785 331.215 6505.4546 2245.639 2.64221 -1.96655 1.339 0 0.464905 25.9161 1 0.0105028 90 80 1.9
"218" 18 3 1 1 "frame004189_0.jpg" 1321538959.67814 "2011111714:09:19.678" 2.00847 27.423 331.034 6505.4553 2245.6406 -0.6427 -3.06519 1.317 0 0.491882 25.9161 1 0.0105028 90 80 2
"219" 19 3 1 3 "frame004197_0.jpg" 1321538963.48816 "2011111714:09:23.488" 2.0214 27.3999 330.814 6505.4573 2245.6454 -1.46667 -3.88367 1.336 0 0.437439 25.9161 1 0.0105028 90 80 2
"220" 20 3 1 1 "frame004202_0.jpg" 1321538965.59816 "2011111714:09:25.598" 2.13895 27.4076 331.188 6505.4584 2245.6482 0.439453 0.0439453 1.378 0 0.403748 25.9161 1 0.0105028 90 80 2.1
"221" 21 3 1 1 "frame004214_0.jpg" 1321538971.43845 "2011111714:09:31.438" 2.19194 27.4462 331.347 6505.4614 2245.6555 -3.14209 -3.65295 1.353 0 0.403748 25.9161 1 0.0105028 90 80 2.1
"222" 22 3 1 3 "frame004320_0.jpg" 1321539020.35821 "2011111714:10:20.358" 2.16234 28.7495 329.533 6505.4863 2245.7144 -1.99951 -1.81824 1.224 0 0.398071 25.9161 1 0.0105028 90 80 2.2
"223" 23 3 1 5 "frame004333_0.jpg" 1321539026.64812 "2011111714:10:26.648" 1.90882 28.8145 330.489 6505.4894 2245.7219 0.521851 -1.81824 1.266 0 0.653442 25.9161 1 0.0105028 90 80 1.9
"224" 24 3 1 8 "frame004359_0.jpg" 1321539038.51835 "2011111714:10:38.518" 1.87461 28.4045 329.099 6505.4953 2245.7358 -0.384521 -4.39453 1.228 0 0.695801 25.9161 1 0.0105028 90 80 1.9
"225" 25 3 1 7 "frame004364_0.jpg" 1321539041.04145 "2011111714:10:41.041" 1.86747 28.3008 329.346 6505.4962 2245.7382 0.994263 -3.16956 1.281 0 0.723389 25.9161 1 0.0105028 90 80 1.9
"226" 1 3 2 7 "frame004382_0.jpg" 1321539128.62811 "2011111714:12:08.628" 2.12393 27.9216 98.4142 6505.5041 2245.6668 -2.01599 3.75183 0.909 0 0.539185 25.9161 1 0.0105028 89 79 2.1
"227" 2 3 2 3 "frame004393_0.jpg" 1321539133.66786 "2011111714:12:13.667" 2.14216 27.9273 119.431 6505.5025 2245.6617 -1.17554 -2.51587 1.028 0 0.442932 25.9161 1 0.0105028 89 79 2.1
"228" 3 3 2 4 "frame004424_0.jpg" 1321539148.03802 "2011111714:12:28.038" 2.13415 28.1806 119.519 6505.4962 2245.6465 -1.30737 -0.390015 1.116 0 0.409424 25.9161 1 0.0105028 89 79 2.1
"229" 4 3 2 4 "frame004427_0.jpg" 1321539149.30805 "2011111714:12:29.308" 2.13253 28.1673 120.376 6505.4957 2245.6451 -1.53259 -4.021 1.139 0 0.415039 25.9161 1 0.0105028 89 79 2.1
"230" 5 3 2 2 "frame004430_0.jpg" 1321539150.57803 "2011111714:12:30.578" 2.11256 28.1439 118.717 6505.4951 2245.6437 -1.25793 -1.2085 1.135 0 0.415039 25.9161 1 0.0105028 89 79 2.1
"231" 6 3 2 2 "frame004428_0.jpg" 1321539149.73802 "2011111714:12:29.738" 2.12036 28.1647 120.2 6505.4955 2245.6446 -1.24146 -2.53784 1.12 0 0.42627 25.9161 1 0.0105028 89 79 2.1
"232" 7 3 2 5 "frame004463_0.jpg" 1321539165.79828 "2011111714:12:45.798" 1.85748 28.2496 119.421 6505.4884 2245.6282 3.05969 -2.63672 0.979 0 0.559692 25.9161 1 0.0105028 89 79 1.9
"233" 8 3 2 3 "frame004469_0.jpg" 1321539168.77804 "2011111714:12:48.778" 1.89686 28.0907 117.405 6505.4872 2245.6256 1.38977 -2.6532 0.978 0 0.554626 25.9161 1 0.0105028 89 79 1.9
"234" 9 3 2 0 "frame004478_0.jpg" 1321539172.98817 "2011111714:12:52.988" 1.9282 27.8324 117.289 6505.4854 2245.6214 0.791016 -0.461426 1.04 0 0.579956 25.9161 1 0.0105028 89 79 1.9
"235" 10 3 2 3 "frame004481_0.jpg" 1321539174.26813 "2011111714:12:54.268" 1.95 27.766 118.943 6505.4848 2245.6202 -0.164795 -2.05444 1.05 0 0.502502 25.9161 1 0.0105028 89 79 2
"236" 11 3 2 1 "frame004496_0.jpg" 1321539181.05813 "2011111714:13:01.058" 1.92462 27.5316 117.114 6505.4819 2245.6135 -0.098877 -2.83997 1.118 0 0.579956 25.9161 1 0.0105028 89 79 1.9
"237" 12 3 2 2 "frame004502_0.jpg" 1321539183.97805 "2011111714:13:03.978" 1.9128 27.457 118.954 6505.4807 2245.6104 1.08215 -2.01599 1.13 0 0.604858 25.9161 1 0.0105028 89 79 1.9
"238" 13 3 2 1 "frame004526_0.jpg" 1321539194.89801 "2011111714:13:14.898" 1.97279 27.0049 117.476 6505.4759 2245.5993 -0.181274 -2.51587 1.056 0 0.554626 25.9161 1 0.0105028 89 79 2
"239" 14 3 2 2 "frame004532_0.jpg" 1321539197.8983 "2011111714:13:17.898" 1.97552 26.9113 116.592 6505.4747 2245.5965 -0.461426 -3.69141 1.089 0 0.464905 25.9161 1 0.0105028 89 79 2
"240" 15 3 2 1 "frame004538_0.jpg" 1321539200.43806 "2011111714:13:20.438" 2.01527 26.8152 116.834 6505.4735 2245.5937 -1.17554 -2.71362 1.093 0 0.502502 25.9161 1 0.0105028 89 79 2
"241" 16 3 2 4 "frame004541_0.jpg" 1321539202.09808 "2011111714:13:22.098" 2.12608 26.7819 115.581 6505.4728 2245.5921 0.0604248 0.0714111 1.037 0 0.491882 25.9161 1 0.0105028 89 79 2.1
"242" 17 3 2 3 "frame004397_0.jpg" 1321539135.37797 "2011111714:12:15.377" 2.23129 27.9165 118.657 6505.5018 2245.66 -2.62024 -1.46667 1.1 0 0.357544 25.9161 1 0.0105028 89 79 2.2
"243" 18 3 2 2 "frame004400_0.jpg" 1321539137.04786 "2011111714:12:17.047" 2.2141 27.9456 119.113 6505.5011 2245.6582 -1.95557 -2.49939 1.113 0 0.357544 25.9161 1 0.0105028 89 79 2.2
"244" 19 3 2 0 "frame004945_0.jpg" 1321539388.93838 "2011111714:16:28.938" 2.13141 33.477 116.682 6505.3949 2245.4078 -2.25769 -2.4939 1.082 0 0.0945435 25.9161 1 0.0105028 89 79 2.1
"245" 20 3 2 1 "frame004970_0.jpg" 1321539400.3584 "2011111714:16:40.358" 1.94583 33.5797 116.617 6505.3898 2245.3957 0.455933 -1.2085 1.145 0 0.202942 25.9161 1 0.0105028 89 79 1.9
"246" 21 3 2 3 "frame004992_0.jpg" 1321539410.48836 "2011111714:16:50.488" 2.11778 33.4236 118.71 6505.3851 2245.3843 -2.40601 -1.86768 1.196 0 0.222412 25.9161 1 0.0105028 89 79 2.1
"247" 22 3 2 0 "frame004995_0.jpg" 1321539412.12947 "2011111714:16:52.129" 2.0582 33.4394 116.688 6505.3843 2245.3824 -0.098877 -4.30664 1.21 0 0.369263 25.9161 1 0.0105028 89 79 2.1
"248" 23 3 2 4 "frame004998_0.jpg" 1321539413.38821 "2011111714:16:53.388" 1.94536 33.3805 118.808 6505.3838 2245.381 -0.76355 1.75232 1.196 0 0.369263 25.9161 1 0.0105028 89 79 1.9
"249" 24 3 2 1 "frame005001_0.jpg" 1321539414.66836 "2011111714:16:54.668" 1.96289 33.3485 120.077 6505.3832 2245.3795 -0.900879 -2.76855 1.198 0 0.315918 25.9161 1 0.0105028 89 79 2
"250" 25 3 2 3 "frame005013_0.jpg" 1321539420.14828 "2011111714:17:00.148" 2.01909 33.1218 118.847 6505.3806 2245.3734 -0.324097 -1.05469 1.192 0 0.222412 25.9161 1 0.0105028 89 79 2
"251" 1 3 3 7 "frame005290_0.jpg" 1321539623.46813 "2011111714:20:23.468" 1.85826 30.311 329.162 6505.4721 2245.4988 1.03271 -1.98303 1.309 0 0.574951 25.9161 1 0.0105028 90 80 1.9
"252" 2 3 3 2 "frame005300_0.jpg" 1321539628.05837 "2011111714:20:28.058" 1.80853 30.0754 329.689 6505.4744 2245.5047 1.54358 -1.4447 1.34 0 0.934692 25.9161 1 0.0105028 90 80 1.8
"253" 3 3 3 2 "frame005055_0.jpg" 1321539515.17899 "2011111714:18:35.178" 2.11552 33.5968 332.229 6505.4137 2245.3609 -2.28516 -0.994263 1.252 0 0.345764 25.9161 1 0.0105028 90 80 2.1
"254" 4 3 3 0 "frame005067_0.jpg" 1321539520.73828 "2011111714:18:40.738" 1.91568 33.5435 333.256 6505.4165 2245.3678 1.13708 0.0878906 1.301 0 0.448486 25.9161 1 0.0105028 90 80 1.9
"255" 5 3 3 2 "frame005075_0.jpg" 1321539524.4381 "2011111714:18:44.438" 1.89221 33.3912 333.662 6505.4184 2245.3727 -0.598755 -4.72412 1.304 0 0.507812 25.9161 1 0.0105028 90 80 1.9
"256" 6 3 3 1 "frame005088_0.jpg" 1321539530.31792 "2011111714:18:50.317" 1.90693 33.1236 334.882 6505.4216 2245.3803 0.648193 -1.10962 1.314 0 0.486511 25.9161 1 0.0105028 90 80 1.9
"257" 7 3 3 1 "frame005101_0.jpg" 1321539536.6681 "2011111714:18:56.668" 1.88043 32.8367 333.811 6505.4251 2245.3883 0.439453 -1.82922 1.382 0 0.437439 25.9161 1 0.0105028 90 80 1.9
"258" 8 3 3 3 "frame005112_0.jpg" 1321539541.71811 "2011111714:19:01.718" 1.88314 32.6004 330.289 6505.4279 2245.3946 0.439453 -2.81799 1.368 0 0.533997 25.9161 1 0.0105028 90 80 1.9
"259" 9 3 3 2 "frame005117_0.jpg" 1321539543.83811 "2011111714:19:03.838" 1.86919 32.5589 332.855 6505.429 2245.3972 1.69739 -1.46118 1.362 0 0.48114 25.9161 1 0.0105028 90 80 1.9
"260" 10 3 3 4 "frame005145_0.jpg" 1321539556.86803 "2011111714:19:16.868" 1.81484 32.019 330.415 6505.4361 2245.4134 2.79053 -2.34009 1.423 0 0.52356 25.9161 1 0.0105028 90 80 1.8
"261" 11 3 3 12 "frame005161_0.jpg" 1321539564.00822 "2011111714:19:24.008" 1.83496 31.5995 329.377 6505.4402 2245.4228 1.13708 -3.57605 1.344 0 0.528809 25.9161 1 0.0105028 90 80 1.8
"262" 12 3 3 3 "frame005180_0.jpg" 1321539572.84805 "2011111714:19:32.848" 1.9887 31.2872 328.339 6505.4451 2245.4341 -0.928345 -0.032959 1.393 0 0.448486 25.9161 1 0.0105028 90 80 2
"263" 13 3 3 6 "frame005184_0.jpg" 1321539574.54809 "2011111714:19:34.548" 1.89776 31.2822 327.932 6505.446 2245.4363 0.521851 -4.20776 1.415 0 0.52356 25.9161 1 0.0105028 90 80 1.9
"264" 14 3 3 2 "frame005190_0.jpg" 1321539577.49803 "2011111714:19:37.498" 1.90915 31.1787 326.438 6505.4476 2245.4402 1.3678 -4.02649 1.403 0 0.453979 25.9161 1 0.0105028 90 80 1.9
"265" 15 3 3 4 "frame005195_0.jpg" 1321539579.6081 "2011111714:19:39.608" 1.98423 31.0743 329.207 6505.4487 2245.4431 -0.109863 -2.7356 1.372 0 0.375061 25.9161 1 0.0105028 90 80 2
"266" 16 3 3 2 "frame005218_0.jpg" 1321539590.14808 "2011111714:19:50.148" 2.16888 30.9916 329.465 6505.4543 2245.4565 -1.03271 -0.615234 1.344 0 0.375061 25.9161 1 0.0105028 90 80 2.2
"267" 17 3 3 2 "frame005222_0.jpg" 1321539592.21837 "2011111714:19:52.218" 2.09338 31.0631 331.321 6505.4554 2245.4592 -0.274658 -0.598755 1.336 0 0.380859 25.9161 1 0.0105028 90 80 2.1
"268" 18 3 3 2 "frame005237_0.jpg" 1321539599.00818 "2011111714:19:59.008" 1.93464 31.0715 330.415 6505.4589 2245.4678 0.692139 -2.58728 1.328 0 0.589966 25.9161 1 0.0105028 90 80 1.9
"269" 19 3 3 3 "frame005243_0.jpg" 1321539601.94822 "2011111714:20:01.948" 2.0087 30.949 330.503 6505.4606 2245.4716 -0.791016 0.362549 1.377 0 0.507812 25.9161 1 0.0105028 90 80 2
"270" 20 3 3 2 "frame005249_0.jpg" 1321539604.49806 "2011111714:20:04.498" 2.13141 30.8359 330.184 6505.462 2245.4748 -1.97754 0.43396 1.388 0 0.333923 25.9161 1 0.0105028 90 80 2.1
"271" 21 3 3 1 "frame005251_0.jpg" 1321539605.34812 "2011111714:20:05.348" 2.11058 30.8292 329.184 6505.4624 2245.4758 -1.33484 -2.7356 1.365 0 0.380859 25.9161 1 0.0105028 90 80 2.1
"272" 22 3 3 1 "frame005257_0.jpg" 1321539608.33822 "2011111714:20:08.338" 2.08558 30.7685 328.124 6505.4641 2245.4796 -2.64221 -5.33386 1.369 0 0.357544 25.9161 1 0.0105028 90 80 2.1
"273" 23 3 3 4 "frame005267_0.jpg" 1321539612.9881 "2011111714:20:12.988" 1.89651 30.86 330.019 6505.4664 2245.4854 0.593262 -0.390015 1.345 0 0.544312 25.9161 1 0.0105028 90 80 1.9
"274" 24 3 3 3 "frame005272_0.jpg" 1321539615.0887 "2011111714:20:15.088" 1.90856 30.7528 329.211 6505.4676 2245.4882 0.0604248 -1.87317 1.351 0 0.619629 25.9161 1 0.0105028 90 80 1.9
"275" 25 3 3 3 "frame005283_0.jpg" 1321539620.11844 "2011111714:20:20.118" 1.84215 30.4947 328.728 6505.4703 2245.4945 1.16455 -3.89465 1.287 0 0.772583 25.9161 1 0.0105028 90 80 1.8
"276" 1 3 4 2 "frame005439_0.jpg" 1321539833.75802 "2011111714:23:53.758" 2.12102 27.6907 109.203 6505.5426 2245.5763 2.34009 2.92786 0.765 0 0.431885 25.9161 1 0.0105028 90 80 2.1
"277" 2 3 4 2 "frame005442_0.jpg" 1321539835.03821 "2011111714:23:55.038" 2.14649 27.6512 116.141 6505.5422 2245.5753 -2.05994 3.49915 0.759 0 0.464905 25.9161 1 0.0105028 90 80 2.1
"278" 3 3 4 1 "frame005472_0.jpg" 1321539848.93794 "2011111714:24:08.937" 2.22169 27.9154 118.696 6505.537 2245.5635 -2.90039 -1.69739 0.962 0 0.398071 25.9161 1 0.0105028 90 80 2.2
"279" 4 3 4 3 "frame005496_0.jpg" 1321539859.91792 "2011111714:24:19.917" 2.12582 28.0802 118.026 6505.5326 2245.5529 -0.466919 0.175781 1.07 0 0.398071 25.9161 1 0.0105028 90 80 2.1
"280" 5 3 4 3 "frame005499_0.jpg" 1321539861.58796 "2011111714:24:21.587" 2.14237 28.0367 120.531 6505.532 2245.5512 -1.59302 -1.64795 1.088 0 0.357544 25.9161 1 0.0105028 90 80 2.1
"281" 6 3 4 7 "frame005517_0.jpg" 1321539869.63802 "2011111714:24:29.638" 1.96363 28.0564 122.404 6505.5286 2245.5428 -0.455933 0.32959 1.024 0 0.475769 25.9161 1 0.0105028 90 80 2
"282" 7 3 4 3 "frame005526_0.jpg" 1321539873.84796 "2011111714:24:33.847" 1.95157 27.9623 119.108 6505.5267 2245.539 -0.725098 -3.5321 1.026 0 0.544312 25.9161 1 0.0105028 90 80 2
"283" 8 3 4 4 "frame005535_0.jpg" 1321539878.09786 "2011111714:24:38.097" 1.97927 27.8481 117.614 6505.5249 2245.5349 -0.197754 -2.0929 1.08 0 0.513062 25.9161 1 0.0105028 90 80 2
"284" 9 3 4 1 "frame005538_0.jpg" 1321539879.36794 "2011111714:24:39.367" 2.02117 27.799 118.097 6505.5244 2245.5335 0.41748 -2.87292 1.041 0 0.459473 25.9161 1 0.0105028 90 80 2
"285" 10 3 4 4 "frame005550_0.jpg" 1321539884.81805 "2011111714:24:44.818" 2.06532 27.6284 120.163 6505.522 2245.5275 -3.30139 -1.86768 1.101 0 0.709656 25.9161 1 0.0105028 90 80 2.1
"286" 11 3 4 2 "frame005553_0.jpg" 1321539886.48812 "2011111714:24:46.488" 1.81931 27.6944 119.526 6505.5213 2245.5258 0.203247 -1.71936 1.09 0 0.658203 25.9161 1 0.0105028 90 80 1.8
"287" 12 3 4 2 "frame005556_0.jpg" 1321539887.75903 "2011111714:24:47.759" 1.86123 27.6645 119.498 6505.5208 2245.5245 3.16956 -2.10938 1.068 0 0.5495 25.9161 1 0.0105028 90 80 1.9
"288" 13 3 4 3 "frame005565_0.jpg" 1321539891.96805 "2011111714:24:51.968" 1.89529 27.5101 117.878 6505.5191 2245.5204 1.48315 -1.62048 1.048 0 0.718811 25.9161 1 0.0105028 90 80 1.9
"289" 14 3 4 5 "frame005571_0.jpg" 1321539894.51812 "2011111714:24:54.518" 1.8945 27.3643 121.234 6505.518 2245.5178 -1.10413 -3.03772 1.067 0 0.672424 25.9161 1 0.0105028 90 80 1.9
"290" 15 3 4 4 "frame005577_0.jpg" 1321539897.46811 "2011111714:24:57.468" 1.8959 27.2309 121.02 6505.5167 2245.5149 -1.45569 -1.56006 1.068 0 0.559692 25.9161 1 0.0105028 90 80 1.9
"291" 16 3 4 7 "frame005589_0.jpg" 1321539902.95806 "2011111714:25:02.958" 1.94735 27.0432 117.773 6505.5143 2245.5097 1.12061 -1.24146 1.046 0 0.513062 25.9161 1 0.0105028 90 80 1.9
"292" 17 3 4 3 "frame005592_0.jpg" 1321539904.21808 "2011111714:25:04.218" 1.98161 26.9442 118.433 6505.5138 2245.5084 -0.653687 -2.59277 1.075 0 0.464905 25.9161 1 0.0105028 90 80 2
"293" 18 3 4 4 "frame005595_0.jpg" 1321539905.48807 "2011111714:25:05.488" 2.00764 26.8785 119.421 6505.5133 2245.5071 -1.00525 -1.25793 1.094 0 0.453979 25.9161 1 0.0105028 90 80 2
"294" 19 3 4 1 "frame005598_0.jpg" 1321539907.19809 "2011111714:25:07.198" 2.1454 26.8157 119.548 6505.5125 2245.5053 -1.10413 -2.43896 1.088 0 0.448486 25.9161 1 0.0105028 90 80 2.1
"295" 20 3 4 0 "frame005610_0.jpg" 1321539912.6583 "2011111714:25:12.658" 2.16374 26.8012 117.768 6505.51 2245.4999 -0.955811 -2.09839 1.104 0 0.453979 25.9161 1 0.0105028 90 80 2.2
"296" 21 3 4 3 "frame005616_0.jpg" 1321539915.1981 "2011111714:25:15.198" 2.21372 26.7782 117.274 6505.5089 2245.4973 -2.59827 -1.74683 1.099 0 0.409424 25.9161 1 0.0105028 90 80 2.2
"297" 22 3 4 3 "frame005619_0.jpg" 1321539916.87816 "2011111714:25:16.878" 2.19884 26.7722 115.758 6505.5081 2245.4955 -1.79626 -3.49915 1.092 0 0.386597 25.9161 1 0.0105028 90 80 2.2
"298" 23 3 4 0 "frame005625_0.jpg" 1321539919.438 "2011111714:25:19.438" 2.22393 26.7234 119.488 6505.507 2245.4928 -2.22473 -0.472412 1.125 0 0.27301 25.9161 1 0.0105028 90 80 2.2
"299" 24 3 4 3 "frame005721_0.jpg" 1321539964.1082 "2011111714:26:04.108" 2.24033 29.9296 116.461 6505.4886 2245.4493 -2.90039 1.43372 1.031 0 0.189819 25.9161 1 0.0105028 90 80 2.2
"300" 25 3 4 4 "frame005760_0.jpg" 1321539982.29816 "2011111714:26:22.298" 2.24422 30.4573 118.126 6505.4808 2245.4299 -2.92786 -1.66443 1.138 0 0.254272 25.9161 1 0.0105028 90 80 2.2
"301" 1 4 1 5 "frame006731_0.jpg" 1321543180.33807 "2011111715:19:40.338" 2.31045 28.6478 236.019 6505.5084 2245.51 -1.66992 -1.23047 1.615 0 0.189819 25.9161 1 0.0105028 89 79 2.3
"302" 2 4 1 3 "frame006746_0.jpg" 1321543187.54808 "2011111715:19:47.548" 2.10416 28.9708 235.8 6505.5044 2245.5212 -0.802002 0.335083 1.597 0 0.415039 25.9161 1 0.0105028 89 79 2.1
"303" 3 4 1 3 "frame006758_0.jpg" 1321543193.0282 "2011111715:19:53.028" 2.10582 28.9241 235.783 6505.5014 2245.5298 -2.15881 -2.13135 1.579 0 0.420654 25.9161 1 0.0105028 89 79 2.1
"304" 4 4 1 5 "frame006762_0.jpg" 1321543194.73807 "2011111715:19:54.738" 2.11117 28.939 235.278 6505.5004 2245.5324 -0.0878906 -2.18079 1.59 0 0.415039 25.9161 1 0.0105028 89 79 2.1
"305" 5 4 1 2 "frame006770_0.jpg" 1321543198.50807 "2011111715:19:58.508" 2.11229 28.8765 235.695 6505.4984 2245.5381 -0.6427 1.2085 1.548 0 0.539185 25.9161 1 0.0105028 89 79 2.1
"306" 6 4 1 7 "frame006786_0.jpg" 1321543206.06791 "2011111715:20:06.067" 1.88748 28.7579 235.684 6505.4942 2245.5493 1.06018 -0.714111 1.594 0 0.619629 25.9161 1 0.0105028 89 79 1.9
"307" 7 4 1 3 "frame006794_0.jpg" 1321543209.44795 "2011111715:20:09.447" 1.91754 28.6468 236.08 6505.4921 2245.5552 1.38977 -0.933838 1.626 0 0.64386 25.9161 1 0.0105028 89 79 1.9
"308" 8 4 1 4 "frame006803_0.jpg" 1321543213.6281 "2011111715:20:13.628" 1.89127 28.3797 236.585 6505.4896 2245.5621 0.142822 -4.87793 1.661 0 0.507812 25.9161 1 0.0105028 89 79 1.9
"309" 9 4 1 7 "frame006806_0.jpg" 1321543214.9003 "2011111715:20:14.900" 1.90079 28.2864 235.206 6505.4889 2245.5641 -0.43396 -0.714111 1.639 0 0.507812 25.9161 1 0.0105028 89 79 1.9
"310" 10 4 1 9 "frame006822_0.jpg" 1321543222.54806 "2011111715:20:22.548" 1.78589 28.0798 232.212 6505.4848 2245.5766 1.79626 -6.2677 1.666 0 0.609802 25.9161 1 0.0105028 89 79 1.8
"311" 11 4 1 2 "frame006826_0.jpg" 1321543224.24805 "2011111715:20:24.248" 1.8003 27.9016 231.427 6505.4838 2245.5793 0.510864 -2.15332 1.657 0 0.609802 25.9161 1 0.0105028 89 79 1.8
"312" 12 4 1 1 "frame006832_0.jpg" 1321543227.18812 "2011111715:20:27.188" 1.93628 27.6626 234.256 6505.4821 2245.5838 0.422974 -1.46667 1.612 0 0.559692 25.9161 1 0.0105028 89 79 1.9
"313" 13 4 1 6 "frame006835_0.jpg" 1321543228.44824 "2011111715:20:28.448" 1.92397 27.5783 233.602 6505.4814 2245.5858 -0.384521 -2.96082 1.645 0 0.564819 25.9161 1 0.0105028 89 79 1.9
"314" 14 4 1 8 "frame006843_0.jpg" 1321543232.2383 "2011111715:20:32.238" 1.93392 27.3705 232.586 6505.4793 2245.5921 0.670166 -2.80151 1.647 0 0.518372 25.9161 1 0.0105028 89 79 1.9
"315" 15 4 1 6 "frame006852_0.jpg" 1321543236.4181 "2011111715:20:36.418" 1.87897 27.1693 231.053 6505.477 2245.5988 0.845947 -0.697632 1.669 0 0.594971 25.9161 1 0.0105028 89 79 1.9
"316" 16 4 1 1 "frame006857_0.jpg" 1321543238.53798 "2011111715:20:38.537" 1.87859 27.0606 231.256 6505.4756 2245.6023 0.439453 -1.74683 1.718 0 0.648682 25.9161 1 0.0105028 89 79 1.9
"317" 17 4 1 1 "frame006866_0.jpg" 1321543242.73811 "2011111715:20:42.738" 1.88507 26.834 232.893 6505.473 2245.609 0.499878 -3.26294 1.717 0 0.629395 25.9161 1 0.0105028 89 79 1.9
"318" 18 4 1 5 "frame006874_0.jpg" 1321543246.508 "2011111715:20:46.508" 1.89777 26.703 230.201 6505.4709 2245.615 1.84021 -0.774536 1.655 0 0.594971 25.9161 1 0.0105028 89 79 1.9
"319" 19 4 1 1 "frame006878_0.jpg" 1321543248.19822 "2011111715:20:48.198" 1.97404 26.5753 233.052 6505.4698 2245.6177 -0.780029 1.08215 1.625 0 0.448486 25.9161 1 0.0105028 89 79 2
"320" 20 4 1 5 "frame006886_0.jpg" 1321543251.95823 "2011111715:20:51.958" 2.00807 26.4029 234.991 6505.4676 2245.6235 -1.69189 0.955811 1.615 0 0.653442 25.9161 1 0.0105028 89 79 2
"321" 21 4 1 1 "frame006903_0.jpg" 1321543259.60811 "2011111715:20:59.608" 2.19941 26.104 235.596 6505.4633 2245.6356 -5.05371 0.444946 1.582 0 0.629395 25.9161 1 0.0105028 89 79 2.2
"322" 22 4 1 1 "frame006914_0.jpg" 1321543264.67811 "2011111715:21:04.678" 2.14129 26.1905 235.09 6505.4604 2245.6434 -0.626221 -3.03223 1.592 0 0.409424 25.9161 1 0.0105028 89 79 2.1
"323" 23 4 1 0 "frame006953_0.jpg" 1321543282.84839 "2011111715:21:22.848" 2.3179 26.9627 234.508 6505.4499 2245.672 -2.8894 -3.35632 1.654 0 0.189819 25.9161 1 0.0105028 89 79 2.3
"324" 24 4 1 1 "frame006960_0.jpg" 1321543286.91816 "2011111715:21:26.918" 2.31001 27.1748 235.315 6505.4482 2245.6767 -1.23047 -3.46069 1.674 0 0.209473 25.9161 1 0.0105028 89 79 2.3
"325" 25 4 1 6 "frame006814_0.jpg" 1321543218.76808 "2011111715:20:18.768" 1.88232 28.1782 236.36 6505.4869 2245.5706 0.620728 -4.37805 1.6 0 0.584961 25.9161 1 0.0105028 89 79 1.9
"326" 1 4 2 1 "frame007440_0.jpg" 1321543607.48842 "2011111715:26:47.488" 2.10315 28.9903 45.8686 6505.4874 2245.4705 0.0878906 -2.005 0.96 0 0.327942 25.9161 1 0.0105028 89 79 2.1
"327" 2 4 2 7 "frame007418_0.jpg" 1321543597.28828 "2011111715:26:37.288" 2.12163 29.0713 45.9948 6505.484 2245.48 -0.20874 -0.521851 0.974 0 0.339844 25.9161 1 0.0105028 89 79 2.1
"328" 3 4 2 3 "frame007167_0.jpg" 1321543480.268 "2011111715:24:40.267" 2.22959 28.3407 46.7742 6505.4479 2245.5801 -2.36206 -3.83972 0.901 0 0.339844 25.9161 1 0.0105028 89 79 2.2
"329" 4 4 2 6 "frame007198_0.jpg" 1321543494.81808 "2011111715:24:54.818" 2.13079 28.3522 45.9998 6505.4523 2245.5678 -3.00476 -6.026 0.831 0 0.291565 25.9161 1 0.0105028 89 79 2.1
"330" 5 4 2 1 "frame007118_0.jpg" 1321543457.79813 "2011111715:24:17.798" 1.88793 28.6362 45.3129 6505.4411 2245.5988 -0.137329 -1.23047 0.826 0 0.42627 25.9161 1 0.0105028 89 79 1.9
"331" 6 4 2 4 "frame006987_0.jpg" 1321543397.49808 "2011111715:23:17.498" 2.093 29.8063 48.1581 6505.423 2245.6498 -0.889893 -0.955811 0.858 0 0.351685 25.9161 1 0.0105028 89 79 2.1
"332" 7 4 2 2 "frame007399_0.jpg" 1321543588.46162 "2011111715:26:28.461" 2.12643 29.0454 46.5551 6505.4811 2245.4884 -1.25793 -2.0929 0.959 0 0.375061 25.9161 1 0.0105028 89 79 2.1
"333" 8 4 2 0 "frame007018_0.jpg" 1321543411.818 "2011111715:23:31.817" 1.98275 29.6371 48.5042 6505.4273 2245.6376 -0.197754 -0.983276 0.877 0 0.363403 25.9161 1 0.0105028 89 79 2
"334" 9 4 2 2 "frame006995_0.jpg" 1321543401.28798 "2011111715:23:21.287" 2.1196 29.7171 47.801 6505.424 2245.6469 -1.31287 -0.906372 0.909 0 0.260559 25.9161 1 0.0105028 89 79 2.1
"335" 10 4 2 3 "frame007460_0.jpg" 1321543617.148 "2011111715:26:57.148" 2.09918 28.8874 45.9895 6505.4904 2245.4624 -0.494385 -4.37805 0.958 0 0.437439 25.9161 1 0.0105028 89 79 2.1
"336" 11 4 2 5 "frame007537_0.jpg" 1321543652.41825 "2011111715:27:32.418" 1.92016 27.8832 47.1762 6505.5027 2245.4285 0.0878906 -1.05469 1.022 0 0.528809 25.9161 1 0.0105028 89 79 1.9
"337" 12 4 2 3 "frame006978_0.jpg" 1321543393.25824 "2011111715:23:13.258" 2.1951 29.8298 48.6634 6505.4218 2245.6534 -0.466919 -5.48767 0.846 0 0.303772 25.9161 1 0.0105028 89 79 2.2
"338" 13 4 2 0 "frame007152_0.jpg" 1321543473.49819 "2011111715:24:33.498" 2.23437 28.2962 47.1203 6505.4458 2245.5858 -3.05969 1.69739 0.878 0 0.309875 25.9161 1 0.0105028 89 79 2.2
"339" 14 4 2 0 "frame007668_0.jpg" 1321543713.18918 "2011111715:28:33.189" 1.87696 25.5116 48.9069 6505.5239 2245.3706 0.703125 -3.12012 1.009 0 0.594971 25.9161 1 0.0105028 89 79 1.9
"340" 15 4 2 3 "frame007267_0.jpg" 1321543527.14828 "2011111715:25:27.148" 2.18252 28.5156 43.7203 6505.4619 2245.5407 -2.32361 -5.75134 0.752 0 0.32196 25.9161 1 0.0105028 89 79 2.2
"341" 16 4 2 4 "frame007473_0.jpg" 1321543622.75825 "2011111715:27:02.758" 2.12929 28.7823 45.572 6505.4926 2245.4563 -1.12061 -2.91687 0.955 0 0.339844 25.9161 1 0.0105028 89 79 2.1
"342" 17 4 2 3 "frame007363_0.jpg" 1321543571.55816 "2011111715:26:11.558" 2.18764 28.9016 47.4504 6505.4754 2245.5042 -1.65894 -3.35083 0.959 0 0.266785 25.9161 1 0.0105028 89 79 2.2
"343" 18 4 2 4 "frame006983_0.jpg" 1321543395.37806 "2011111715:23:15.378" 2.14327 29.8299 49.5478 6505.4224 2245.6516 -2.91138 -2.34009 0.877 0 0.442932 25.9161 1 0.0105028 89 79 2.1
"344" 19 4 2 0 "frame007319_0.jpg" 1321543551.01834 "2011111715:25:51.018" 2.16326 28.7077 45.6265 6505.469 2245.5215 -0.230713 -1.82922 0.779 0 0.202942 25.9161 1 0.0105028 89 79 2.2
"345" 20 4 2 1 "frame007202_0.jpg" 1321543496.88819 "2011111715:24:56.888" 2.13275 28.3883 46.2305 6505.4529 2245.5662 0.252686 -2.46643 0.808 0 0.266785 25.9161 1 0.0105028 89 79 2.1
"346" 21 4 2 3 "frame007519_0.jpg" 1321543644.01819 "2011111715:27:24.018" 1.93615 28.262 46.6927 6505.4998 2245.4369 0.115356 -2.13684 0.986 0 0.533997 25.9161 1 0.0105028 89 79 1.9
"347" 22 4 2 6 "frame007110_0.jpg" 1321543453.96805 "2011111715:24:13.968" 1.90123 28.7804 46.9114 6505.4399 2245.6021 0.615234 -2.13684 0.85 0 0.544312 25.9161 1 0.0105028 89 79 1.9
"348" 23 4 2 6 "frame007528_0.jpg" 1321543648.19837 "2011111715:27:28.198" 1.94573 28.0607 46.7367 6505.5012 2245.4327 0.335083 -1.3623 1.008 0 0.386597 25.9161 1 0.0105028 89 79 1.9
"349" 24 4 2 6 "frame007007_0.jpg" 1321543406.74799 "2011111715:23:26.747" 2.11503 29.6876 47.5649 6505.4259 2245.6417 -0.181274 -0.488892 0.824 0 0.375061 25.9161 1 0.0105028 89 79 2.1
"350" 25 4 2 4 "frame007391_0.jpg" 1321543584.61822 "2011111715:26:24.618" 2.15864 28.9847 46.7308 6505.4798 2245.4921 -1.99402 -2.65869 0.946 0 0.363403 25.9161 1 0.0105028 89 79 2.2
"351" 1 4 3 2 "frame007707_0.jpg" 1321543785.25817 "2011111715:29:45.258" 2.24208 27.4018 234.181 6505.487 2245.3756 -1.72485 -2.8894 1.535 0 0.163269 25.9161 1 0.0105028 90 80 2.2
"352" 2 4 3 1 "frame007710_0.jpg" 1321543786.918 "2011111715:29:46.918" 2.21925 27.4667 232.351 6505.4862 2245.3782 -1.09863 -5.34485 1.549 0 0.163269 25.9161 1 0.0105028 90 80 2.2
"353" 3 4 3 2 "frame007714_0.jpg" 1321543788.62799 "2011111715:29:48.627" 2.15567 27.5679 231.939 6505.4853 2245.3809 -2.10938 -3.30688 1.574 0 0.266785 25.9161 1 0.0105028 90 80 2.2
"354" 4 4 3 3 "frame007717_0.jpg" 1321543789.89803 "2011111715:29:49.898" 2.13604 27.6471 230.495 6505.4846 2245.383 -0.411987 -2.91687 1.592 0 0.279236 25.9161 1 0.0105028 90 80 2.1
"355" 5 4 3 4 "frame007720_0.jpg" 1321543791.59802 "2011111715:29:51.598" 2.15208 27.6822 230.566 6505.484 2245.385 -1.53259 -3.29041 1.618 0 0.247925 25.9161 1 0.0105028 90 80 2.2
"356" 6 4 3 1 "frame007723_0.jpg" 1321543792.86799 "2011111715:29:52.867" 2.17817 27.713 229.731 6505.483 2245.3878 -1.72485 -4.49341 1.643 0 0.247925 25.9161 1 0.0105028 90 80 2.2
"357" 7 4 3 2 "frame007732_0.jpg" 1321543797.06799 "2011111715:29:57.067" 2.1324 27.7925 227.369 6505.4807 2245.3948 -2.38403 -2.21924 1.665 0 0.415039 25.9161 1 0.0105028 90 80 2.1
"358" 8 4 3 2 "frame007738_0.jpg" 1321543799.59803 "2011111715:29:59.598" 2.12479 27.8927 228.072 6505.4793 2245.3987 -0.856934 -3.2959 1.633 0 0.409424 25.9161 1 0.0105028 90 80 2.1
"359" 9 4 3 5 "frame007741_0.jpg" 1321543800.88825 "2011111715:30:00.888" 2.14705 27.9246 227.88 6505.4785 2245.4007 -1.4447 -3.0542 1.601 0 0.375061 25.9161 1 0.0105028 90 80 2.1
"360" 10 4 3 4 "frame007744_0.jpg" 1321543802.57096 "2011111715:30:02.570" 2.14271 27.9663 228.424 6505.4777 2245.4028 -0.379028 -1.86218 1.608 0 0.475769 25.9161 1 0.0105028 90 80 2.1
"361" 11 4 3 10 "frame007747_0.jpg" 1321543803.85815 "2011111715:30:03.858" 2.16379 27.9238 228.154 6505.4768 2245.4053 -2.09839 -0.20874 1.601 0 0.357544 25.9161 1 0.0105028 90 80 2.2
"362" 12 4 3 2 "frame007750_0.jpg" 1321543805.128 "2011111715:30:05.127" 2.19044 27.9034 229.467 6505.4761 2245.4072 -1.6864 -3.41675 1.635 0 0.32196 25.9161 1 0.0105028 90 80 2.2
"363" 13 4 3 5 "frame007753_0.jpg" 1321543806.77802 "2011111715:30:06.778" 2.24422 27.843 228.039 6505.4751 2245.4096 -2.50488 -2.13684 1.659 0 0.189819 25.9161 1 0.0105028 90 80 2.2
"364" 14 4 3 2 "frame007765_0.jpg" 1321543812.28808 "2011111715:30:12.288" 2.23081 27.8279 230.67 6505.4718 2245.4181 -3.99902 -2.66418 1.574 0 0.222412 25.9161 1 0.0105028 90 80 2.2
"365" 15 4 3 2 "frame007776_0.jpg" 1321543817.32803 "2011111715:30:17.328" 2.24189 27.9802 231.868 6505.4691 2245.4256 -2.01599 1.58752 1.516 0 0.189819 25.9161 1 0.0105028 90 80 2.2
"366" 16 4 3 2 "frame007783_0.jpg" 1321543820.29016 "2011111715:30:20.290" 2.21949 28.0423 229.813 6505.4676 2245.43 -2.83997 -1.63696 1.565 0 0.235229 25.9161 1 0.0105028 90 80 2.2
"367" 17 4 3 0 "frame007797_0.jpg" 1321543827.08814 "2011111715:30:27.088" 2.22852 28.2141 230.972 6505.4637 2245.4406 -2.03247 -0.32959 1.633 0 0.2854 25.9161 1 0.0105028 90 80 2.2
"368" 18 4 3 1 "frame007800_0.jpg" 1321543828.35806 "2011111715:30:28.358" 2.22539 28.2183 230.307 6505.463 2245.4425 -1.64246 -3.62549 1.608 0 0.196411 25.9161 1 0.0105028 90 80 2.2
"369" 19 4 3 3 "frame007805_0.jpg" 1321543830.46809 "2011111715:30:30.468" 2.22032 28.2569 230.016 6505.4618 2245.446 -2.77405 -0.593262 1.602 0 0.327942 25.9161 1 0.0105028 90 80 2.2
"370" 20 4 3 2 "frame007814_0.jpg" 1321543834.70803 "2011111715:30:34.708" 2.24328 28.3426 230.5 6505.4594 2245.4527 -2.28516 0.516357 1.637 0 0.183228 25.9161 1 0.0105028 90 80 2.2
"371" 21 4 3 1 "frame007818_0.jpg" 1321543836.80802 "2011111715:30:36.808" 2.22931 28.4002 229.522 6505.4582 2245.4559 -2.80151 -0.20874 1.609 0 0.247925 25.9161 1 0.0105028 90 80 2.2
"372" 22 4 3 1 "frame007845_0.jpg" 1321543849.10803 "2011111715:30:49.108" 2.24392 28.529 231.115 6505.4513 2245.4746 -0.510864 2.98828 1.55 0 0.115479 25.9161 1 0.0105028 90 80 2.2
"373" 23 4 3 2 "frame007875_0.jpg" 1321543863.68375 "2011111715:31:03.683" 2.2216 28.756 233.076 6505.4441 2245.4937 -3.64197 -2.85095 1.519 0 0.297668 25.9161 1 0.0105028 90 80 2.2
"374" 24 4 3 0 "frame007883_0.jpg" 1321543866.79808 "2011111715:31:06.798" 2.24207 28.8948 232.565 6505.4417 2245.5001 -3.30139 -2.12036 1.527 0 0.333923 25.9161 1 0.0105028 90 80 2.2
"375" 25 4 3 0 "frame007888_0.jpg" 1321543868.90808 "2011111715:31:08.908" 2.22472 28.9208 232.169 6505.4406 2245.5032 -2.66418 -5.82275 1.543 0 0.266785 25.9161 1 0.0105028 90 80 2.2
"376" 1 4 4 0 "frame008219_0.jpg" 1321544188.44832 "2011111715:36:28.448" 2.1011 28.4609 50.0222 6505.4325 2245.4291 -2.79053 -1.58203 0.921 0 0.64386 25.9161 1 0.0105028 89 79 2.1
"377" 2 4 4 2 "frame007971_0.jpg" 1321544074.98799 "2011111715:34:34.987" 2.13514 31.9984 49.5272 6505.3937 2245.5351 -2.23572 -2.75757 0.944 0 0.497192 25.9161 1 0.0105028 89 79 2.1
"378" 3 4 4 5 "frame007939_0.jpg" 1321544060.21804 "2011111715:34:20.218" 1.95793 32.2955 51.5211 6505.389 2245.5487 -0.126343 -2.30164 0.925 0 0.491882 25.9161 1 0.0105028 89 79 2
"379" 4 4 4 3 "frame008191_0.jpg" 1321544175.32819 "2011111715:36:15.328" 2.08094 28.7231 48.0281 6505.428 2245.4409 0.280151 -2.96631 0.949 0 0.437439 25.9161 1 0.0105028 89 79 2.1
"380" 5 4 4 12 "frame008017_0.jpg" 1321544096.50803 "2011111715:34:56.508" 1.9438 31.4988 48.6209 6505.4007 2245.5157 -0.0164795 -2.86194 0.921 0 0.260559 25.9161 1 0.0105028 89 79 1.9
"381" 6 4 4 7 "frame008086_0.jpg" 1321544128.15826 "2011111715:35:28.158" 1.88038 30.5728 51.159 6505.4118 2245.4859 0.714111 -2.90039 0.976 0 0.491882 25.9161 1 0.0105028 89 79 1.9
"382" 7 4 4 0 "frame008156_0.jpg" 1321544159.26815 "2011111715:35:59.268" 2.04266 29.2298 48.4785 6505.4225 2245.4561 -0.41748 -1.78528 0.989 0 0.392334 25.9161 1 0.0105028 89 79 2
"383" 8 4 4 1 "frame008241_0.jpg" 1321544198.6082 "2011111715:36:38.608" 1.97359 28.2009 50.7529 6505.4358 2245.4201 0.0109863 -1.7688 0.956 0 0.386597 25.9161 1 0.0105028 89 79 2
"384" 9 4 4 3 "frame007992_0.jpg" 1321544084.69816 "2011111715:34:44.698" 1.93149 31.8032 47.687 6505.3969 2245.5262 1.17554 -3.60352 0.901 0 0.475769 25.9161 1 0.0105028 89 79 1.9
"385" 10 4 4 5 "frame008140_0.jpg" 1321544152.07812 "2011111715:35:52.078" 1.97654 29.5216 49.8298 6505.42 2245.4629 0.203247 -0.494385 0.991 0 0.403748 25.9161 1 0.0105028 89 79 2
"386" 11 4 4 2 "frame007911_0.jpg" 1321544047.53797 "2011111715:34:07.537" 2.17879 32.3765 57.0911 6505.3853 2245.5608 -2.66418 -2.8894 0.939 0 0.235229 25.9161 1 0.0105028 89 79 2.2
"387" 12 4 4 1 "frame008255_0.jpg" 1321544204.97812 "2011111715:36:44.978" 2.12748 27.9999 49.9564 6505.438 2245.4141 -0.137329 -3.41675 0.999 0 0.453979 25.9161 1 0.0105028 89 79 2.1
"388" 13 4 4 4 "frame008234_0.jpg" 1321544195.26806 "2011111715:36:35.268" 1.95353 28.3402 48.1381 6505.4346 2245.4229 -0.0878906 -2.10388 0.958 0 0.518372 25.9161 1 0.0105028 89 79 2
"389" 14 4 4 1 "frame008272_0.jpg" 1321544213.16815 "2011111715:36:53.168" 2.10003 27.9373 49.9729 6505.4408 2245.4064 -2.4115 -2.76306 0.977 0 0.464905 25.9161 1 0.0105028 89 79 2.1
"390" 15 4 4 4 "frame008135_0.jpg" 1321544149.53809 "2011111715:35:49.538" 1.9546 29.6237 50.1044 6505.4192 2245.4653 -0.769043 -1.37878 0.985 0 0.554626 25.9161 1 0.0105028 89 79 2
"391" 16 4 4 0 "frame008297_0.jpg" 1321544224.61817 "2011111715:37:04.618" 1.98008 27.7589 49.6983 6505.4447 2245.3959 0.285645 -3.17505 1.003 0 0.392334 25.9161 1 0.0105028 89 79 2
"392" 17 4 4 6 "frame008064_0.jpg" 1321544118.09822 "2011111715:35:18.098" 1.92705 30.7909 50.5052 6505.4083 2245.4957 1.18652 -2.53235 0.981 0 0.279236 25.9161 1 0.0105028 89 79 1.9
"393" 18 4 4 10 "frame008011_0.jpg" 1321544093.55804 "2011111715:34:53.558" 2.06859 31.6283 48.6978 6505.3998 2245.5184 -0.252686 -2.5708 0.926 0 0.409424 25.9161 1 0.0105028 89 79 2.1
"394" 19 4 4 2 "frame008203_0.jpg" 1321544181.25815 "2011111715:36:21.258" 2.06575 28.6096 48.0611 6505.4299 2245.4358 -2.40051 -4.16382 0.921 0 0.486511 25.9161 1 0.0105028 89 79 2.1
"395" 20 4 4 2 "frame008250_0.jpg" 1321544202.84818 "2011111715:36:42.848" 1.99845 28.0581 50.7199 6505.4373 2245.4161 -1.13159 -2.66968 0.977 0 0.52356 25.9161 1 0.0105028 89 79 2
"396" 21 4 4 5 "frame008283_0.jpg" 1321544218.22819 "2011111715:36:58.228" 1.99591 27.8931 51.4616 6505.4426 2245.4019 0.032959 -1.35132 0.944 0 0.351685 25.9161 1 0.0105028 89 79 2
"397" 22 4 4 3 "frame007953_0.jpg" 1321544066.89803 "2011111715:34:26.898" 2.01475 32.0703 51.3673 6505.3911 2245.5427 -1.73584 -0.637207 0.943 0 0.431885 25.9161 1 0.0105028 89 79 2
"398" 23 4 4 2 "frame008153_0.jpg" 1321544157.98819 "2011111715:35:57.988" 2.03895 29.2733 49.3244 6505.4221 2245.4573 -0.653687 -2.53235 0.99 0 0.415039 25.9161 1 0.0105028 89 79 2
"399" 24 4 4 2 "frame007904_0.jpg" 1321544044.16821 "2011111715:34:04.168" 2.14501 32.42 61.8262 6505.3845 2245.5642 -1.56555 -1.86218 0.841 0 0.228821 25.9161 1 0.0105028 89 79 2.1
"400" 25 4 4 3 "frame007921_0.jpg" 1321544052.17813 "2011111715:34:12.178" 2.13313 32.3617 53.3173 6505.3866 2245.5562 -2.37854 -3.72986 0.955 0 0.363403 25.9161 1 0.0105028 89 79 2.1
"401" 1 5 1 4 "frame000035_0.jpg" 1321619160.35818 "2011111812:26:00.358" 2.21987 28.3715 228.005 6505.5398 2245.4631 -1.72485 -1.54907 1.173 0 0.518372 25.9161 1 0.0105028 90 80 2.2
"402" 2 5 1 0 "frame000140_0.jpg" 1321619209.1783 "2011111812:26:49.178" 2.20951 29.3909 228.982 6505.5195 2245.5182 -0.840454 -1.52161 1.173 0 0.442932 25.9161 1 0.0105028 90 80 2.2
"403" 3 5 1 1 "frame000171_0.jpg" 1321619223.66828 "2011111812:27:03.668" 2.23307 29.7073 229.971 6505.5134 2245.5347 -0.565796 -1.75232 1.149 0 0.464905 25.9161 1 0.0105028 90 80 2.2
"404" 4 5 1 2 "frame000194_0.jpg" 1321619234.2583 "2011111812:27:14.258" 2.24365 29.8874 228.636 6505.509 2245.5467 -2.17529 -2.52686 1.17 0 0.486511 25.9161 1 0.0105028 90 80 2.2
"405" 5 5 1 2 "frame000197_0.jpg" 1321619235.5382 "2011111812:27:15.538" 2.23563 29.8954 228.642 6505.5084 2245.5482 -3.44971 -2.93884 1.192 0 0.497192 25.9161 1 0.0105028 90 80 2.2
"406" 6 5 1 2 "frame000214_0.jpg" 1321619243.5382 "2011111812:27:23.538" 2.18149 30.0126 228.675 6505.505 2245.5576 -1.58203 -3.80127 1.215 0 0.579956 25.9161 1 0.0105028 90 80 2.2
"407" 7 5 1 2 "frame000255_0.jpg" 1321619262.65875 "2011111812:27:42.658" 2.08956 29.9982 228.746 6505.4971 2245.579 -1.73584 -3.23547 1.19 0 0.648682 25.9161 1 0.0105028 90 80 2.1
"408" 8 5 1 2 "frame000282_0.jpg" 1321619274.9482 "2011111812:27:54.948" 2.12641 29.8757 228.202 6505.4918 2245.5936 -1.98303 -5.18555 1.173 0 0.609802 25.9161 1 0.0105028 90 80 2.1
"409" 9 5 1 8 "frame000286_0.jpg" 1321619276.63844 "2011111812:27:56.638" 2.11152 29.895 228.966 6505.4911 2245.5955 -1.22498 -2.29065 1.173 0 0.691162 25.9161 1 0.0105028 90 80 2.1
"410" 10 5 1 9 "frame000307_0.jpg" 1321619286.38826 "2011111812:28:06.388" 1.97827 29.8627 228.669 6505.487 2245.6068 0.510864 -4.12537 1.18 0 0.614746 25.9161 1 0.0105028 90 80 2
"411" 11 5 1 3 "frame000318_0.jpg" 1321619291.54846 "2011111812:28:11.548" 2.0266 29.716 228.114 6505.4849 2245.6127 -0.895386 -2.53784 1.186 0 0.629395 25.9161 1 0.0105028 90 80 2
"412" 12 5 1 5 "frame000343_0.jpg" 1321619303.43825 "2011111812:28:23.438" 2.10709 29.5911 228.553 6505.4799 2245.6262 -0.796509 -2.05444 1.16 0 0.609802 25.9161 1 0.0105028 90 80 2.1
"413" 13 5 1 3 "frame000346_0.jpg" 1321619304.70834 "2011111812:28:24.708" 2.10348 29.5921 229.125 6505.4793 2245.6276 -1.41724 -3.80676 1.181 0 0.624512 25.9161 1 0.0105028 90 80 2.1
"414" 14 5 1 5 "frame000369_0.jpg" 1321619315.29844 "2011111812:28:35.298" 2.12406 29.4881 228.169 6505.4749 2245.6397 -1.48315 -4.36157 1.182 0 0.624512 25.9161 1 0.0105028 90 80 2.1
"415" 15 5 1 2 "frame000375_0.jpg" 1321619318.30826 "2011111812:28:38.308" 1.98403 29.5278 229.097 6505.4739 2245.6426 -0.0384521 -4.10889 1.143 0 0.629395 25.9161 1 0.0105028 90 80 2
"416" 16 5 1 3 "frame000383_0.jpg" 1321619321.71841 "2011111812:28:41.718" 2.13934 29.4039 228.806 6505.4723 2245.6469 -1.6864 -2.80151 1.191 0 0.662964 25.9161 1 0.0105028 90 80 2.1
"417" 17 5 1 2 "frame000409_0.jpg" 1321619334.06831 "2011111812:28:54.068" 2.13501 29.3745 228.262 6505.4672 2245.6609 -0.065918 -3.22449 1.163 0 0.574951 25.9161 1 0.0105028 90 80 2.1
"418" 18 5 1 7 "frame000414_0.jpg" 1321619336.20825 "2011111812:28:56.208" 2.11907 29.3478 227.85 6505.4663 2245.6633 -2.53784 -4.28467 1.174 0 0.564819 25.9161 1 0.0105028 90 80 2.1
"419" 19 5 1 1 "frame000420_0.jpg" 1321619339.1783 "2011111812:28:59.178" 2.1382 29.3415 228.361 6505.4651 2245.6666 -2.5708 -4.95483 1.161 0 0.544312 25.9161 1 0.0105028 90 80 2.1
"420" 20 5 1 1 "frame000466_0.jpg" 1321619360.35833 "2011111812:29:20.358" 2.1994 29.4912 228.624 6505.4563 2245.6905 -0.999756 -3.8562 1.192 0 0.470337 25.9161 1 0.0105028 90 80 2.2
"421" 21 5 1 2 "frame000469_0.jpg" 1321619361.6184 "2011111812:29:21.618" 2.21469 29.4807 228.569 6505.4558 2245.692 -3.3728 -2.87842 1.152 0 0.497192 25.9161 1 0.0105028 90 80 2.2
"422" 22 5 1 4 "frame000476_0.jpg" 1321619365.03831 "2011111812:29:25.038" 2.20765 29.5427 228.52 6505.4544 2245.6958 -3.2135 -3.04871 1.153 0 0.518372 25.9161 1 0.0105028 90 80 2.2
"423" 23 5 1 2 "frame000485_0.jpg" 1321619369.25841 "2011111812:29:29.258" 2.18044 29.6524 228.619 6505.4526 2245.7006 -1.19751 -1.4447 1.166 0 0.528809 25.9161 1 0.0105028 90 80 2.2
"424" 24 5 1 1 "frame000490_0.jpg" 1321619371.37919 "2011111812:29:31.379" 2.22359 29.6393 227.971 6505.4517 2245.703 -2.90588 -3.28491 1.171 0 0.497192 25.9161 1 0.0105028 90 80 2.2
"425" 25 5 1 3 "frame000520_0.jpg" 1321619385.4184 "2011111812:29:45.418" 2.23745 29.9413 228.058 6505.446 2245.7187 -3.03223 -3.1311 1.153 0 0.420654 25.9161 1 0.0105028 90 80 2.2
"426" 1 5 2 3 "frame000566_0.jpg" 1321619463.9481 "2011111812:31:03.948" 1.88957 28.5094 43.2362 6505.4386 2245.6386 -0.203247 -2.47742 1.464 0 0.841309 25.9161 1 0.0105028 90 80 1.9
"427" 2 5 2 2 "frame000569_0.jpg" 1321619465.21845 "2011111812:31:05.218" 1.93912 28.4679 44.8292 6505.4393 2245.6369 1.13708 -1.37878 1.455 0 0.741455 25.9161 1 0.0105028 90 80 1.9
"428" 3 5 2 2 "frame000572_0.jpg" 1321619466.48823 "2011111812:31:06.488" 1.99828 28.3835 46.3343 6505.44 2245.6351 -0.258179 -2.80151 1.462 0 0.658203 25.9161 1 0.0105028 90 80 2
"429" 4 5 2 4 "frame000585_0.jpg" 1321619472.77819 "2011111812:31:12.778" 2.09897 28.2676 46.8013 6505.4434 2245.6263 -0.444946 -1.90613 1.544 0 0.604858 25.9161 1 0.0105028 90 80 2.1
"430" 5 5 2 4 "frame000627_0.jpg" 1321619492.2681 "2011111812:31:32.268" 2.20716 28.5074 47.0871 6505.4535 2245.5989 -2.08191 -3.38928 1.532 0 0.464905 25.9161 1 0.0105028 90 80 2.2
"431" 6 5 2 1 "frame000636_0.jpg" 1321619496.08835 "2011111812:31:36.088" 2.21015 28.6202 46.5379 6505.4557 2245.5926 -1.99402 -4.10339 1.503 0 0.448486 25.9161 1 0.0105028 90 80 2.2
"432" 7 5 2 3 "frame000717_0.jpg" 1321619533.87818 "2011111812:32:13.878" 2.21718 29.8904 46.7524 6505.4757 2245.5382 -2.31262 -0.774536 1.47 0 0.475769 25.9161 1 0.0105028 90 80 2.2
"433" 8 5 2 4 "frame000727_0.jpg" 1321619538.49834 "2011111812:32:18.498" 2.18402 30.0039 46.7195 6505.4781 2245.5316 -1.69739 -4.28467 1.473 0 0.459473 25.9161 1 0.0105028 90 80 2.2
"434" 9 5 2 8 "frame000738_0.jpg" 1321619544.08023 "2011111812:32:24.080" 2.17978 30.0366 47.3842 6505.4804 2245.5253 -2.87292 -1.6095 1.481 0 0.518372 25.9161 1 0.0105028 90 80 2.2
"435" 10 5 2 2 "frame000752_0.jpg" 1321619550.15825 "2011111812:32:30.158" 2.2187 30.0938 47.6919 6505.4842 2245.5151 -2.8125 -4.57581 1.45 0 0.52356 25.9161 1 0.0105028 90 80 2.2
"436" 11 5 2 3 "frame000772_0.jpg" 1321619559.48817 "2011111812:32:39.488" 2.07689 30.1089 47.6535 6505.4891 2245.5019 -1.53259 -1.51611 1.473 0 0.564819 25.9161 1 0.0105028 90 80 2.1
"437" 12 5 2 5 "frame000792_0.jpg" 1321619568.76822 "2011111812:32:48.768" 1.91238 30.022 48.2249 6505.494 2245.4888 0.22522 -2.23022 1.488 0 0.754883 25.9161 1 0.0105028 90 80 1.9
"438" 13 5 2 4 "frame000799_0.jpg" 1321619571.72818 "2011111812:32:51.728" 1.981 29.9458 48.3073 6505.4956 2245.4846 0.302124 0.0549316 1.505 0 0.745972 25.9161 1 0.0105028 90 80 2
"439" 14 5 2 2 "frame000804_0.jpg" 1321619574.26834 "2011111812:32:54.268" 1.97986 29.8754 48.2909 6505.4969 2245.481 0.230713 -2.50488 1.486 0 0.727966 25.9161 1 0.0105028 90 80 2
"440" 15 5 2 1 "frame000807_0.jpg" 1321619575.53854 "2011111812:32:55.538" 2.0024 29.8248 48.4776 6505.4976 2245.4792 -0.197754 -2.72461 1.477 0 0.653442 25.9161 1 0.0105028 90 80 2
"441" 16 5 2 2 "frame000820_0.jpg" 1321619581.4682 "2011111812:33:01.468" 1.97814 29.6292 48.1646 6505.5007 2245.4707 -0.175781 -3.75732 1.51 0 0.772583 25.9161 1 0.0105028 90 80 2
"442" 17 5 2 8 "frame000863_0.jpg" 1321619601.32843 "2011111812:33:21.328" 1.96466 28.9393 49.2194 6505.5109 2245.4427 -0.845947 -2.08191 1.456 0 0.718811 25.9161 1 0.0105028 90 80 2
"443" 18 5 2 7 "frame000884_0.jpg" 1321619611.02818 "2011111812:33:31.028" 2.01945 28.7132 49.0053 6505.5159 2245.4291 -0.873413 -2.52136 1.478 0 0.727966 25.9161 1 0.0105028 90 80 2
"444" 19 5 2 5 "frame000903_0.jpg" 1321619620.09825 "2011111812:33:40.098" 2.0758 28.5807 48.5769 6505.5206 2245.4163 -1.10962 -0.774536 1.486 0 0.658203 25.9161 1 0.0105028 90 80 2.1
"445" 20 5 2 2 "frame000908_0.jpg" 1321619622.61824 "2011111812:33:42.618" 2.03655 28.5365 48.555 6505.5217 2245.4133 -1.01074 -0.928345 1.492 0 0.629395 25.9161 1 0.0105028 90 80 2
"446" 21 5 2 1 "frame000912_0.jpg" 1321619624.30824 "2011111812:33:44.308" 2.04587 28.4699 48.2968 6505.5228 2245.4104 -1.2854 -1.74683 1.474 0 0.569885 25.9161 1 0.0105028 90 80 2
"447" 22 5 2 2 "frame000915_0.jpg" 1321619625.57837 "2011111812:33:45.578" 2.12549 28.4485 48.7472 6505.5235 2245.4085 -0.917358 -4.28467 1.484 0 0.667725 25.9161 1 0.0105028 90 80 2.1
"448" 23 5 2 3 "frame000934_0.jpg" 1321619634.46827 "2011111812:33:54.468" 2.05881 28.4113 48.588 6505.5281 2245.396 -0.637207 -4.02649 1.497 0 0.714233 25.9161 1 0.0105028 90 80 2.1
"449" 24 5 2 3 "frame000937_0.jpg" 1321619635.73836 "2011111812:33:55.738" 1.98154 28.4026 47.9508 6505.5288 2245.3941 -1.35681 -1.6095 1.457 0 0.718811 25.9161 1 0.0105028 90 80 2
"450" 25 5 2 1 "frame000946_0.jpg" 1321619639.95826 "2011111812:33:59.958" 1.89806 28.3176 48.621 6505.531 2245.3881 0.922852 -1.48865 1.503 0 0.723389 25.9161 1 0.0105028 90 80 1.9
"451" 1 5 3 2 "frame000972_0.jpg" 1321619721.27812 "2011111812:35:21.278" 2.23759 27.4917 212.219 6505.5025 2245.371 -1.13159 2.38403 1.175 0 0.442932 25.9161 1 0.0105028 90 80 2.2
"452" 2 5 3 2 "frame001157_0.jpg" 1321619808.65398 "2011111812:36:48.653" 2.21613 30.4539 229.231 6505.4662 2245.4675 -1.02173 -3.74084 1.148 0 0.533997 25.9161 1 0.0105028 90 80 2.2
"453" 3 5 3 1 "frame001160_0.jpg" 1321619809.03491 "2011111812:36:49.034" 2.18478 30.4617 229.187 6505.4657 2245.4687 -2.85095 -3.91113 1.165 0 0.52356 25.9161 1 0.0105028 90 80 2.2
"454" 4 5 3 1 "frame001172_0.jpg" 1321619814.29864 "2011111812:36:54.298" 2.11004 30.5016 229.368 6505.4631 2245.4759 -2.07642 -3.14758 1.208 0 0.639038 25.9161 1 0.0105028 90 80 2.1
"455" 5 5 3 4 "frame001182_0.jpg" 1321619818.94911 "2011111812:36:58.949" 2.16064 30.4918 228.643 6505.4612 2245.4811 -3.08716 -2.97729 1.168 0 0.599915 25.9161 1 0.0105028 90 80 2.2
"456" 6 5 3 4 "frame001211_0.jpg" 1321619832.52827 "2011111812:37:12.528" 1.94086 30.2568 229 6505.4557 2245.4962 0.296631 -4.31213 1.179 0 0.624512 25.9161 1 0.0105028 90 80 1.9
"457" 7 5 3 4 "frame001214_0.jpg" 1321619833.79922 "2011111812:37:13.799" 1.99155 30.1936 229.483 6505.4549 2245.4982 -0.543823 -0.730591 1.163 0 0.648682 25.9161 1 0.0105028 90 80 2
"458" 8 5 3 11 "frame001221_0.jpg" 1321619836.77829 "2011111812:37:16.778" 1.97854 30.0954 228.934 6505.4537 2245.5015 -0.483398 -2.83447 1.162 0 0.544312 25.9161 1 0.0105028 90 80 2
"459" 9 5 3 12 "frame001249_0.jpg" 1321619849.89825 "2011111812:37:29.898" 2.09033 29.827 229.983 6505.4482 2245.5165 -0.977783 -2.05444 1.168 0 0.890808 25.9161 1 0.0105028 90 80 2.1
"460" 10 5 3 2 "frame001257_0.jpg" 1321619853.71839 "2011111812:37:33.718" 1.95162 29.7704 229.626 6505.4466 2245.5208 1.49414 -4.31213 1.148 0 0.794434 25.9161 1 0.0105028 90 80 2
"461" 11 5 3 5 "frame001270_0.jpg" 1321619859.63833 "2011111812:37:39.638" 1.88905 29.5311 228.697 6505.4441 2245.5275 0.692139 -3.12012 1.191 0 0.938599 25.9161 1 0.0105028 90 80 1.9
"462" 12 5 3 1 "frame001283_0.jpg" 1321619865.63822 "2011111812:37:45.638" 1.91498 29.2957 229.098 6505.4416 2245.5344 0.873413 -3.05969 1.217 0 0.781372 25.9161 1 0.0105028 90 80 1.9
"463" 13 5 3 9 "frame001314_0.jpg" 1321619880.04827 "2011111812:38:00.048" 1.96066 28.7636 229.598 6505.4355 2245.5511 -0.368042 -3.33984 1.181 0 0.648682 25.9161 1 0.0105028 90 80 2
"464" 14 5 3 3 "frame001330_0.jpg" 1321619887.65831 "2011111812:38:07.658" 2.04436 28.5591 229.549 6505.4324 2245.5595 -0.796509 -2.1698 1.204 0 0.662964 25.9161 1 0.0105028 90 80 2
"465" 15 5 3 4 "frame001345_0.jpg" 1321619894.47837 "2011111812:38:14.478" 2.07959 28.4881 229.098 6505.4295 2245.5677 -1.37878 -4.86145 1.175 0 0.677124 25.9161 1 0.0105028 90 80 2.1
"466" 16 5 3 2 "frame001350_0.jpg" 1321619896.58836 "2011111812:38:16.588" 2.06383 28.4723 228.818 6505.4286 2245.5701 -1.15356 -4.19678 1.156 0 0.653442 25.9161 1 0.0105028 90 80 2.1
"467" 17 5 3 6 "frame001358_0.jpg" 1321619900.39838 "2011111812:38:20.398" 2.09967 28.4276 229.279 6505.427 2245.5743 -2.20276 -2.09839 1.179 0 0.64386 25.9161 1 0.0105028 90 80 2.1
"468" 18 5 3 1 "frame001371_0.jpg" 1321619906.31824 "2011111812:38:26.318" 2.16899 28.391 229.505 6505.4246 2245.581 -2.4939 -2.7356 1.161 0 0.609802 25.9161 1 0.0105028 90 80 2.2
"469" 19 5 3 10 "frame001392_0.jpg" 1321619916.05835 "2011111812:38:36.058" 2.22886 28.4735 228.719 6505.4206 2245.592 -2.17529 -3.27942 1.163 0 0.594971 25.9161 1 0.0105028 90 80 2.2
"470" 20 5 3 2 "frame001397_0.jpg" 1321619918.60828 "2011111812:38:38.608" 2.15183 28.5093 228.593 6505.4195 2245.5949 -1.99402 -3.08716 1.201 0 0.589966 25.9161 1 0.0105028 90 80 2.2
"471" 21 5 3 0 "frame001407_0.jpg" 1321619923.60536 "2011111812:38:43.605" 2.22271 28.5563 228.796 6505.4176 2245.5999 -1.86768 -3.3783 1.185 0 0.609802 25.9161 1 0.0105028 90 80 2.2
"472" 22 5 3 2 "frame001414_0.jpg" 1321619926.33833 "2011111812:38:46.338" 2.24964 28.6127 229.021 6505.4162 2245.6037 -2.4115 -3.39478 1.176 0 0.559692 25.9161 1 0.0105028 90 80 2.2
"473" 23 5 3 3 "frame001434_0.jpg" 1321619935.80834 "2011111812:38:55.808" 2.23653 28.8142 228.84 6505.4123 2245.6143 -1.45569 -4.64172 1.166 0 0.507812 25.9161 1 0.0105028 90 80 2.2
"474" 24 5 3 3 "frame001460_0.jpg" 1321619947.9384 "2011111812:39:07.938" 2.23853 29.0865 229.037 6505.4073 2245.628 -3.03772 -5.26794 1.177 0 0.486511 25.9161 1 0.0105028 90 80 2.2
"475" 25 5 3 3 "frame001474_0.jpg" 1321619954.54154 "2011111812:39:14.541" 2.23276 29.2171 229.427 6505.4045 2245.6357 -3.21899 -3.47168 1.169 0 0.594971 25.9161 1 0.0105028 90 80 2.2
"476" 1 5 4 2 "frame001515_0.jpg" 1321620030.57819 "2011111812:40:30.578" 1.7566 29.4251 48.4777 6505.3981 2245.5581 0.411987 -1.8512 1.405 0 1.2854 25.9161 1 0.0105028 90 80 1.8
"477" 2 5 4 0 "frame001528_0.jpg" 1321620036.46799 "2011111812:40:36.467" 1.77514 28.9023 49.2468 6505.4011 2245.5502 2.79053 0.280151 1.393 0 1.01495 25.9161 1 0.0105028 90 80 1.8
"478" 3 5 4 0 "frame001535_0.jpg" 1321620039.82831 "2011111812:40:39.828" 2.02032 28.6782 49.0711 6505.4028 2245.5455 -0.615234 -1.92261 1.433 0 0.926819 25.9161 1 0.0105028 90 80 2
"479" 4 5 4 1 "frame001540_0.jpg" 1321620042.36812 "2011111812:40:42.368" 2.02726 28.6217 48.6316 6505.4039 2245.5426 -0.532837 -2.04346 1.459 0 0.681824 25.9161 1 0.0105028 90 80 2
"480" 5 5 4 0 "frame001691_0.jpg" 1321620112.31823 "2011111812:41:52.318" 2.22008 30.5494 48.6322 6505.4397 2245.4443 -3.59802 -3.15857 1.475 0 0.491882 25.9161 1 0.0105028 90 80 2.2
"481" 6 5 4 0 "frame001709_0.jpg" 1321620120.3383 "2011111812:42:00.338" 2.16687 30.7437 48.6104 6505.4441 2245.4323 -1.50513 -3.32886 1.483 0 0.533997 25.9161 1 0.0105028 90 80 2.2
"482" 7 5 4 1 "frame001717_0.jpg" 1321620124.15834 "2011111812:42:04.158" 2.11753 30.778 47.9787 6505.4461 2245.4271 -0.944824 -3.57605 1.46 0 0.574951 25.9161 1 0.0105028 90 80 2.1
"483" 8 5 4 3 "frame001742_0.jpg" 1321620135.57834 "2011111812:42:15.578" 2.05162 30.6154 49.3191 6505.452 2245.4106 -2.15881 -3.54858 1.439 0 0.589966 25.9161 1 0.0105028 90 80 2.1
"484" 9 5 4 1 "frame001752_0.jpg" 1321620140.26825 "2011111812:42:20.268" 1.97903 30.5837 47.9788 6505.4544 2245.4042 -2.43896 -2.59277 1.436 0 0.727966 25.9161 1 0.0105028 90 80 2
"485" 10 5 4 5 "frame001756_0.jpg" 1321620142.35821 "2011111812:42:22.358" 1.93687 30.5836 48.616 6505.4552 2245.4019 1.79626 -0.472412 1.439 0 0.653442 25.9161 1 0.0105028 90 80 1.9
"486" 11 5 4 8 "frame001773_0.jpg" 1321620149.97842 "2011111812:42:29.978" 1.89601 30.1662 47.7537 6505.4593 2245.3905 0.549316 -4.13086 1.451 0 0.772583 25.9161 1 0.0105028 90 80 1.9
"487" 12 5 4 3 "frame001778_0.jpg" 1321620152.11953 "2011111812:42:32.119" 1.88878 30.0616 48.4623 6505.4604 2245.3876 0.384521 -3.4552 1.446 0 0.776978 25.9161 1 0.0105028 90 80 1.9
"488" 13 5 4 1 "frame001783_0.jpg" 1321620154.65823 "2011111812:42:34.658" 1.87926 29.9064 47.8032 6505.4618 2245.3839 0.626221 -2.51587 1.488 0 0.727966 25.9161 1 0.0105028 90 80 1.9
"489" 14 5 4 3 "frame001796_0.jpg" 1321620160.57823 "2011111812:42:40.578" 1.86073 29.6164 47.7318 6505.4648 2245.3755 1.57104 -3.79578 1.501 0 0.781372 25.9161 1 0.0105028 90 80 1.9
"490" 15 5 4 4 "frame001805_0.jpg" 1321620164.79829 "2011111812:42:44.798" 1.8347 29.3679 48.8964 6505.467 2245.3695 0.906372 -2.38403 1.451 0 0.828674 25.9161 1 0.0105028 90 80 1.8
"491" 16 5 4 6 "frame001809_0.jpg" 1321620166.4882 "2011111812:42:46.488" 1.85186 29.2821 47.633 6505.4679 2245.3671 1.32935 -3.26843 1.448 0 0.862122 25.9161 1 0.0105028 90 80 1.9
"492" 17 5 4 1 "frame001818_0.jpg" 1321620170.76836 "2011111812:42:50.768" 1.8788 29.0069 48.8305 6505.4701 2245.3611 0.0878906 -1.86218 1.472 0 0.807373 25.9161 1 0.0105028 90 80 1.9
"493" 18 5 4 3 "frame001824_0.jpg" 1321620173.69839 "2011111812:42:53.698" 1.91723 28.88 48.5119 6505.4716 2245.3569 0.324097 -2.27417 1.584 0 0.832886 25.9161 1 0.0105028 90 80 1.9
"494" 19 5 4 3 "frame001865_0.jpg" 1321620192.33905 "2011111812:43:12.339" 1.94486 28.0777 48.1441 6505.4813 2245.3305 0.362549 -2.2467 1.452 0 0.677124 25.9161 1 0.0105028 90 80 1.9
"495" 20 5 4 2 "frame001879_0.jpg" 1321620199.10162 "2011111812:43:19.101" 1.93679 27.8037 49.0615 6505.4848 2245.321 0.368042 -2.07642 1.483 0 0.709656 25.9161 1 0.0105028 90 80 1.9
"496" 21 5 4 5 "frame001881_0.jpg" 1321620199.93827 "2011111812:43:19.938" 1.92825 27.766 48.3254 6505.4852 2245.3198 0.126343 -3.31238 1.469 0 0.700439 25.9161 1 0.0105028 90 80 1.9
"497" 22 5 4 6 "frame001887_0.jpg" 1321620202.89829 "2011111812:43:22.898" 1.91017 27.6246 48.8583 6505.4868 2245.3156 0.00549316 -3.66394 1.469 0 0.709656 25.9161 1 0.0105028 90 80 1.9
"498" 23 5 4 4 "frame001902_0.jpg" 1321620209.70839 "2011111812:43:29.708" 1.9351 27.2813 48.71 6505.4903 2245.3061 -0.521851 -2.98828 1.483 0 0.768188 25.9161 1 0.0105028 90 80 1.9
"499" 24 5 4 1 "frame001611_0.jpg" 1321620074.97815 "2011111812:41:14.978" 2.22026 29.3782 48.7747 6505.4206 2245.4967 -1.92261 -0.137329 1.462 0 0.442932 25.9161 1 0.0105028 90 80 2.2
"500" 25 5 4 4 "frame001848_0.jpg" 1321620184.74837 "2011111812:43:04.748" 1.92477 28.3964 48.0451 6505.4773 2245.3412 0.00549316 -2.69714 1.479 0 0.677124 25.9161 1 0.0105028 90 80 1.9
